physical_qubits_baseline
100 622938880.0
120 813285248.0
140 948830208.0
160 1069443072.0
180 1951270370.461538461538461538461538461538
200 2168075785.846153846153846153846153846154
220 2343612928.0
240 2556666368.0
260 2976059520.0
280 3204984960.0
300 3411027968.0
320 3638427648.0
340 5968538752.0
360 6319627090.823529411764705882352941176471
380 6586894592.0
400 6933571072.0
420 7692279538.526315789473684210526315789474
440 8058576363.78947368421052631578947368421
460 8374789120.0
480 8738908160.0
500 12306543305.14285714285714285714285714286
520 12798802779.42857142857142857142857142857
540 13185116672.0
560 13673452032.0
580 14870144428.52173913043478260869565217391
600 15382905694.60869565217391304347826086957
620 15837631488.0
640 16348520448.0
660 22660701209.6
680 23347386700.8
700 24034072192.0
720 24555101223.38461538461538461538461538462
740 25237184964.92307692307692307692307692308
760 26990388778.66666666666666666666666666667
780 27700659712.0
800 28310218752.0
820 29017971712.0
840 37003875703.17241379310344827586206896552
860 37884917799.72413793103448275862068965517
880 38581117440.0
900 39457958400.0
920 41850792427.35483870967741935483870967742
940 42760589588.64516129032258064516129032258
960 43563548672.0
980 44471119872.0
1000 56779915392.0
physical_qubits_active
100 42886400
120 51462400
140 60038400
160 98804736
180 111154176
200 123503616
220 135853056
240 201720064
260 218529024
280 235337984
300 329334784
320 351289344
340 373243904
360 395198464
380 527959296
400 555745536
420 583531776
440 611318016
460 639104256
480 823321600
500 857625600
520 891929600
540 926233600
560 1162250496
580 1203758336
600 1245266176
620 1286774016
640 1580765184
660 1630162944
680 1679560704
700 1728958464
720 2087098624
740 2145072384
760 2203046144
780 2261019904
800 2689483776
820 2756719616
840 2823955456
860 2891191296
880 3396153600
900 3473337600
920 3550521600
940 3627705600
960 4215341056
980 4303159296
1000 4390977536
time_baseline
100 905327.9497650304004325052703362238391213
120 196053339.7321948555117778381128039631432
140 39167375819.04564113536484644068552970554
160 7573028488918.807956615750721164412871046
180 1405604245922984.184444557887529536527363
200 234465502696715821.0945755561210339805957
220 41217543230162119264.80451023453905976825
240 6609078188405214737409.408446721747653921
260 1199691262071480864642575.702054689428357
280 187095411018398708213544869.4295828889732
300 30782415467129490593003164004.52515567023
320 4702713852834981153384691655815.546093439
340 756943936174887641458068594584891.5393079
360 113817464460096366447122703679295486.4914
380 18000613460019971868581342757340486135.58
400 2672688841098079788465155220251533179704.0
420 4.166295538865642952207154566455792488644e+41
440 6.12277049086471223629483193402779589575e+43
460 9.429494049222463734939437495624937997459e+45
480 1.37398875928402820401106569183394195518e+48
500 2.094317542918384816275565911855752445448e+50
520 3.228380551132351863438697045575165621589e+52
540 4.886945915158525187257122713833346929276e+54
560 7.026557529672646394245212670679477125991e+56
580 1.053317806541103393379444148521097116769e+59
600 1.506463503035982944485132083136527076449e+61
620 2.242857606311841736688979028349045639203e+63
640 3.192918955297857058911121500484733973495e+65
660 4.724863733503393195952256111763242399469e+67
680 6.69889082867131422318496108457896050281e+69
700 9.479977526415722103986055440261416762928e+71
720 1.392776557202545828149344543401737759805e+74
740 1.964266873526876457528912854688671160535e+76
760 2.872279488288503656733949591301277692836e+78
780 4.038450171892150629014129876614170320242e+80
800 5.880064294714214352185115928074749294003e+82
820 8.244618671247525605987418161525204431715e+84
840 1.195756183293686763551054567027342723567e+87
860 1.672416772683340708585470557159882358742e+89
880 2.416928569675259117503483632096499392082e+91
900 3.372692614191935697879366981194060927119e+93
920 4.858120543375242779327697082509874490193e+95
940 6.765149209652750629973422241013886409312e+97
960 9.715191746844398935013240418352506648216e+99
980 1.35030280350871941125342556620299738829e+102
1000 1.933683566816829896015975697645915187307e+104
time_active
100 6347.461529620792141070397506645965144045
120 1249642.824946947914392422240927834252891
140 231541119.3230964750738843281402621154241
160 49245788882.13292238330215611268256712577
180 8437328599517.816617752065902243912119291
200 1407422394689402.174589781517204009857516
220 229744894356294560.786333400568012320003
240 42978610898383176441.20073697883989365086
260 6788868566735055578180.956311902414679726
280 1058748777513577716001369.52494584089644
300 186636299294537735265926887.955878760018
320 28513036887180989398240853248.10697137618
340 4319475586104031063563957279693.326986177
360 649497366964871034146966109170417.430878
380 109140219702186595246470523854052113.835
400 16204920900888498379695819612643308389.79
420 2393141595703937768364510064450961372753.0
440 3.516950776189523206028026479895348950265e+41
460 5.145541566581192933337375897377536086316e+43
480 8.330749778687526082981928367889316133236e+45
500 1.209355743555682927212214019171235884101e+48
520 1.749554626581375039505101874153041098039e+50
540 2.522996695936504921614923845294829158701e+52
560 3.99038675738643570489600654292177643232e+54
580 5.721719131253052651470357645276992860781e+56
600 8.183257601230194148651859593931033528048e+58
620 1.167579258024577094552466820879149501333e+61
640 1.81326379460303819206194714991146224878e+63
660 2.575929923637990123927919797256671815342e+65
680 3.652145401917047191595781271770448762478e+67
700 5.168361079680549298087684392348365198242e+69
720 7.909619738243247265221937504203550597603e+71
740 1.115513941860442531901678064437076877167e+74
760 1.570764673344711648948057180711974055198e+76
780 2.208508144330035920642722627248807583373e+78
800 3.339312636153705182890024347119040398938e+80
820 4.68215598165745097128315548739621681159e+82
840 6.556593470736249135082597197391991914556e+84
860 9.170224770349742885539083622789955901695e+86
880 1.372585846623128963018374642299702456628e+89
900 1.915370167054716826617217598835623681981e+91
920 2.669953215939272204820201230492919500222e+93
940 3.71803083900251463092893796769150515423e+95
960 5.517313435764006030670801692916177742057e+97
980 7.668444858705719530559108081011691032931e+99
1000 1.064872953474860135374658851003287667264e+102
reaction_limit
100 452663.9748825152002162526351681119195606
120 89115154.42372493432353538096036543779237
140 17803352645.02074597062038474576614986615
160 3155428537049.503315256562800485172029602
180 540617017662686.2247863684182805909720625
200 90179039498736854.26714444466193614638298
220 14720551153629328308.85875365519252134581
240 2360385067287576691931.9315881149098764
260 399897087357160288214191.9006848964761191
280 62365137006132902737848289.80986096299106
300 9619504833477965810313488751.414111146946
320 1469598079010931610432716142442.3581542
340 222630569463202247487667233701438.6880318
360 33475724841204813660918442258616319.5563
380 5000170405561103296828150765927912815.44
400 742413566971688830129209783403203661028.8
420 1.096393562859379724265040675383103286485e+41
440 1.611255392332819009551271561586262077829e+43
460 2.357373512305615933734859373906234499365e+45
480 3.43497189821007051002766422958485488795e+47
500 4.986470340281868610179918837751791536781e+49
520 7.686620359838933008187373918036108622832e+51
540 1.110669526172392088012982434962124302108e+54
560 1.596944893107419635055730152427153892271e+56
580 2.289821318567616072564009018524124166888e+58
600 3.274920658773875966272026267688102340106e+60
620 4.672620013149670284768706309060511748339e+62
640 6.651914490203868872731503126009862444782e+64
660 9.449727467006786391904512223526484798939e+66
680 1.339778165734262844636992216915792100562e+69
700 1.895995505283144420797211088052283352586e+71
720 2.678416456158741977210277968080264922703e+73
740 3.777436295243993187555601643632059924106e+75
760 5.319036089423154919877684428335699431178e+77
780 7.478611429429908572248388660396611704152e+79
800 1.050011481198966848604484987156205231072e+82
820 1.472253334151343858212038957415215077092e+84
840 2.061648591885666833708714770736797799253e+86
860 2.883477194281621911354259581310141997831e+88
880 4.028214282792098529172472720160832320137e+90
900 5.621154356986559496465611635323434878532e+92
920 7.835678295766520611818866262112700790635e+94
940 1.091153098331088811286035845324820388599e+97
960 1.517998710444437333595818815367579163784e+99
980 2.109848130482374080083477447192183419203e+101
1000 2.92982358608610590305450863279684119289e+103
hashing_time
100 0
120 0
140 0
160 0
180 0
200 0
220 0
240 0
260 0
280 0
300 0
320 0
340 0
360 0
380 0
400 0
420 0
440 0
460 0
480 0
500 0
520 0
540 0
560 0
580 0
600 0
620 0
640 0
660 0
680 0
700 0
720 0
740 0
760 0
780 0
800 0
820 0
840 0
860 0
880 0
900 0
920 0
940 0
960 0
980 0
1000 0
classical_time
100 185704.4978489422247590055809233891425672
120 226005573.4430260006849315068493150684932
140 251314001490.1195680014205986808726534754
160 261591064581128.9777733389507864028411974
180 258890198931350827.7005072726952054794521
200 246219605414700054801.3294235393201420599
220 226748705433925672795581.8816419973105023
240 203338393173538121615245421.0444768089863
260 178318826653965312959496006072.4950273256
280 153432353004381364087960877722109.043917
300 129873078473922258268361126253976501.6685
320 108373521965375450917516146008537992125.1
340 8.930610103186826006024488176305422389179e+40
360 7.278064723187865499073706026305003206943e+43
380 5.872856192950189620440816411737354101929e+46
400 4.69702592422311722423178811101231577584e+49
420 3.726606124859597836729862470984563381697e+52
440 2.935250457738586102155673209587613550192e+55
460 2.296671619229013689536791765003601276036e+58
480 1.786157524876929292439798334196892094606e+61
500 1.38141048786627991366643567904197697716e+64
520 1.062912684988286276674119720536614751789e+67
540 8.139776972430111529209254973900613008953e+69
560 6.206079856776514272524976708162682562462e+72
580 4.712444348225324323655745902427137396629e+75
600 3.564671971028426231883800693668308744547e+78
620 2.686865706035637701376088175177728072606e+81
640 2.018476259240279399658206787109995137666e+84
660 1.511617115262597243985745866881878676385e+87
680 1.128708016070114734109506467456629928448e+90
700 8.404602833507088065111837640366566122216e+92
720 6.241894380738404754539924864720909900943e+95
740 4.624252597114085349076906118598311124376e+98
760 3.417825540358069015972991223505378151607e+101
780 2.520543924793650080170281016988502680234e+104
800 1.85491282288208716547403240897339856032e+107
820 1.362331473814356343773960642713549719029e+110
840 9.986517369631723481049400324456438030952e+112
860 7.307289086303476712751125200919058942411e+115
880 5.337596683325649452496731784620750978516e+118
900 3.892389527764527649371709823965953309912e+121
920 2.833997847314014251560608803119047173074e+124
940 2.060274001145502155276405644251240500834e+127
960 1.495616996376372642229863062187599144736e+130
980 1.084205808812521716475929313985695328645e+133
1000 7.849164035115297419664201598031849823328e+135
