physical_qubits_baseline
100 622938880.0
120 747524096.0
140 948830208.0
160 1084375168.0
180 1219920128.0
200 1336799232.0
220 1470477312.0
240 2601686616.615384615384615384615384615385
260 2818492032.0
280 3035297447.384615384615384615384615384615
300 3195826688.0
320 3408880128.0
340 3891761280.0
360 4120686720.0
380 4349612160.0
400 4548026368.0
420 4775426048.0
440 5002825728.0
460 8075068784.941176470588235294117647058824
480 8426157123.764705882352941176470588235294
500 8666953472.0
520 9013629952.0
540 9360306432.0
560 10256357315.36842105263157894736842105263
580 10622654140.63157894736842105263157894737
600 10988950965.89473684210526315789473684211
620 11287741440.0
640 11651860480.0
660 16244619099.42857142857142857142857142857
680 16736878573.71428571428571428571428571429
700 17229138048.0
720 17580134912.0
740 18068470272.0
760 18556805632.0
780 19997757089.39130434782608695652173913043
800 20510518355.47826086956521739130434782609
820 21023279621.56521739130434782608695652174
840 21457410048.0
860 21968299008.0
880 30214241612.8
900 30900927104.0
920 31587612595.2
940 32058022380.30769230769230769230769230769
960 32740106121.84615384615384615384615384615
980 33422189863.38461538461538461538461538462
1000 35513639978.66666666666666666666666666667
physical_qubits_active
100 42886400
120 51462400
140 60038400
160 68614400
180 77190400
200 123503616
220 135853056
240 148202496
260 160551936
280 172901376
300 252146944
320 268955904
340 285764864
360 302573824
380 319382784
400 439107584
420 461062144
440 483016704
460 504971264
480 526925824
500 548880384
520 722462976
540 750249216
560 778035456
580 805821696
600 833607936
620 1063449600
640 1097753600
660 1132057600
680 1166361600
700 1200665600
720 1494313216
740 1535821056
760 1577328896
780 1618836736
800 1660344576
820 1701852416
840 2074742784
860 2124140544
880 2173538304
900 2222936064
920 2272333824
940 2724809984
960 2782783744
980 2840757504
1000 2898731264
time_baseline
100 119784.011213872394376604650806966422373
120 15067352.17177650616748893293593037762562
140 2123725488.124729016023236153456215804875
160 243333500769.6998440811400197449926801785
180 27142634242610.57961973400255731009129089
200 3221414732090294.552186544616623845467488
220 344133941461270332.9552815240775897896026
240 39232402932254730813.66917742400118168547
260 4363428157734017116953.232476017165963897
280 448581696905642026733289.4176995190942661
300 49205513088502845529881709.21566191782257
320 4971527879952576089451661710.381272831778
340 534365968086267839941704628846.3167866171
360 53382904442304462761209502996746.19636308
380 5291731030672433801550030254978855.374484
400 556700193949164188030155618021549181.8014
420 54654715322621608184142379431265918178.91
440 5343527201527893894176118584018566662007.0
460 5.529808609712683247555239992665391550719e+41
480 5.367283899662380916205010462952547063604e+43
500 5.498392437359064217460830086417019943061e+45
520 5.651756303980261281447860794726387087471e+47
540 5.437233469684720372690590673126469546203e+49
560 5.507507607575518743682650258022305824057e+51
580 5.27264995255693190754492358835555218508e+53
600 5.036736364496665770955845302553121051707e+55
620 5.054221686252861469150027510798271816985e+57
640 4.808918875728327605308732367246373954007e+59
660 4.795626674363953063900899324349682322807e+61
680 4.546904916303703207278928766322276457083e+63
700 4.304182657274333430299466125638708005107e+65
720 4.270442965885129379134913593332178647597e+67
740 4.030601031669158679326302957411566077129e+69
760 3.799079997917115040925619681814566079288e+71
780 3.73881760465222277632955983946539901435e+73
800 3.515240565216725519637468112216499216437e+75
820 3.301200305646008316707651314269789258978e+77
840 3.231411459499869332133678552663203167616e+79
860 3.028111071468907527167298839562374640676e+81
880 2.952864661480690676783158641164938339886e+83
900 2.761655002216150461034889603017214637192e+85
920 2.580455700445139486811058072306698672093e+87
940 2.505387245470735403369845985392790161178e+89
960 2.336975000217048385566343202193839948227e+91
980 2.178122676435202052995979088099432743452e+93
1000 2.106513085646432591529967001743594783804e+95
time_active
100 839.7906166239939397447982797665957688842
120 105637.9358611153191566814845841390553343
140 12582426.19661289895427584445083840432589
160 1441697119.301490052913910512478938423688
180 160450445684.0725640624225646227077966263
200 20947503270056.95794773002022267653526984
220 2237766400885403.630447178813210850953453
240 235490241116963437.091069488672453707699
260 24471097459115017563.82471718276641059342
280 2515760822106624425792.515535174500821497
300 298953981649606934074754.5948385984019185
320 30205232883876345258494060.33988205031209
340 3030179307247459582399918554.37165475941
360 302074462767186041541073580782.4748128806
380 29944004485787525510575840042136.70488614
400 3375187499019467009415762457601779.510324
420 331363273843984074663969214257918488.4977
440 32397073342117523935690098537564941764.59
460 3155433629440130019890792435056862423920.0
480 3.062699607770199493111053282589372665687e+41
500 2.96321252049747677286539203473329467789e+43
520 3.215834338331341092815888939624147266987e+45
540 3.093776562789419006598767450941271230246e+47
560 2.968827677037422382253805457464221811141e+49
580 2.842231651290277796525467450464658121725e+51
600 2.715061957115209247297024349874388191147e+53
620 2.875851738805428937701589722686058236742e+55
640 2.736274306665675611015822092864694016003e+57
660 2.598775610421326760999060923704603900534e+59
680 2.463991752410798571532811272431545421713e+61
700 2.332461900497465307948405683234765242342e+63
720 2.425075145147551685807902403220062357013e+65
740 2.288877425487738803399009106509435931639e+67
760 2.157404542222639681436451387539069005374e+69
780 2.030870392642229146675716665987314982694e+71
800 1.909428393044989910503180533666495020936e+73
820 1.793164494651109061037817936904941841522e+75
840 1.835042129917610638368225658008194107578e+77
860 1.719592354957596747855691382449720870856e+79
880 1.609788518711618656633659259028695805991e+81
900 1.505548082222848102104698261960845275591e+83
920 1.406766244443866387345532207692022549621e+85
940 1.422752872332375874983154026876219170323e+87
960 1.327115103331984207380278555835370562435e+89
980 1.236907307346709723502225611273754304044e+91
1000 1.15193634044585174030291262613649328817e+93
reaction_limit
100 59892.00560693619718830232540348321118652
120 7533676.08588825308374446646796518881281
140 965329767.3294222800105618879346435476702
160 110606136713.4999291277909180659057637175
180 12337561019368.44528169727388968640513222
200 1342256138370956.06341106025692660227812
220 143389142275529305.3980339683656624123344
240 15089385743174896466.79583747076968526364
260 1678241599128468121905.08941385275613996
280 172531421886785394897419.0068075073439485
300 17573397531608159117814896.14845068493663
320 1775545671411634317661307753.707597439921
340 178121989362089279980568209615.4389288724
360 17794301480768154253736500998915.39878769
380 1763910343557477933850010084992951.791495
400 173968810609113808759423630631734119.3129
420 17079598538319252557544493572270599430.91
440 1669852250477466841930037057505802081877.0
460 1.626414296974318602222129409607468103153e+41
480 1.578612911665406151825003077338984430472e+43
500 1.527331232599740060405786135115838873072e+45
520 1.569932306661183689291072442979551968742e+47
540 1.510342630467977881302941853646241540612e+49
560 1.449344107256715458863855331058501532647e+51
580 1.38753946119919260724866410219882952239e+53
600 1.32545693802543836077785402698766343466e+55
620 1.263555421563215367287506877699567954246e+57
640 1.202229718932081901327183091811593488502e+59
660 1.141815874848560253309737934368971981621e+61
680 1.082596408643738858875935420552922965972e+63
700 1.024805394589127007214158601342549525025e+65
720 9.705552195193475861670258166664042380903e+66
740 9.160456890157178816650688539571741084383e+68
760 8.634272722538897820285499276851286543837e+70
780 8.127864357939614731151217042316084813805e+72
800 7.641827315688533738342321983079346122689e+74
820 7.1765224035782789493644593788473679543e+76
840 6.732107207291394441945163651381673265868e+78
860 6.308564732226890681598539249088280501409e+80
880 5.905729322961381353566317282329876679773e+82
900 5.523310004432300922069779206034429274384e+84
920 5.160911400890278973622116144613397344186e+86
940 4.818052395136029621865088433447673386881e+88
960 4.494182692725093049166044619603538361975e+90
980 4.188697454683080871146113630960447583562e+92
1000 3.900950158604504799129568521747397747785e+94
hashing_time
100 7.085411374170156853405176611690333688392
120 1069.477561527743600611766654658012453484
140 148620.9757707061019920366215619405410347
160 19461479.18792346873407493636452369651691
180 2436645351.459620294902020913153085011556
200 294548106701.2990513352239169550256227476
220 34612255884685.10955767154066333347725117
240 3973505129660548.470989206047535440651173
260 447316988328564513.33235079698736308286
280 49523781513651273649.62141150228745633209
300 5404612417384757698335.186824977597360004
320 582464408327118926481199.8237619408262642
340 62084619029898331137200664.7407499847766
360 6553176566439361408896508728.080095712061
380 685691124477603548325676164759.6602360673
400 71186855599417675481486903201584.654675
420 7338298492218911676758792131611804.560347
440 751621418069293357758099143316259980.8678
460 76534533513760824308023158051135694389.19
480 7751492166671772702277382238360835936730.0
500 7.81216957273274946826126236941867755965e+41
520 7.837603681488229547718624606665420985264e+43
540 7.830117323854721777933114369702430329269e+45
560 7.792172619659759654323591384945983994092e+47
580 7.726314204066164454679034482159948502563e+49
600 7.635120610745611806896062596013649058884e+51
620 7.521163223590567524531764328793202011124e+53
640 7.38697215933690905465410774004057602773e+55
660 7.235008423579586445166404361954808213939e+57
680 7.067641684694147894366169540817564813298e+59
700 6.887133028152736255381774419229736745913e+61
720 6.695622082918527050573494158972534773845e+63
740 6.495117948306910765510532981832118468159e+65
760 6.287493391053557457100165659763468690851e+67
780 6.074481826119034896186978947305545307515e+69
800 5.857676639301335336888558246196043529769e+71
820 5.638532453785552975315169120212458054824e+73
840 5.418367985427759404705278334730862675399e+75
860 5.198370172195905119991506492266843628313e+77
880 4.979599301379127570041713061027186265534e+79
900 4.762994893633731540700263682070353674099e+81
920 4.549382135566008319868924293448791573537e+83
940 4.339478682300735898324707019002708523644e+85
960 4.133901678392931644883379350645714274249e+87
980 3.933174869616179328499044097428301481486e+89
1000 3.737735699716868482786127681719641524212e+91
classical_time
100 1144.320725724683026723622816294503842803
120 379939.4692991459369913299982426248872043
140 116327017.5564048205214552856165593516485
160 33631136119.59164781887846855735526283525
180 9314955762818.153589372805100324979994743
200 2495171554098709.022508874226884348896526
220 650631547258956348.198660226166451861516
240 165934629716253303411.4809070003923373416
260 41538184886214665428887.4174562484634375
280 10234305889974378052953787.94893836342449
300 2487211370641824004652489998.301879824351
320 597269922061611527176290303504.3127245457
340 141923612632508757356963995749959.2141782
360 33410351405858933767882697199619834.85286
380 7799791215502247141959261460029954352.545
400 1807288626034455853402600615331971837687.0
420 4.159378482334489582750331445420594556583e+41
440 9.513846180386810939267226323800415203887e+43
460 2.163939937347065782607256235277641970483e+46
480 4.896667454624813541452289389791916892262e+48
500 1.102814369703995693230748302168562670015e+51
520 2.472917828150837075730329658776791889158e+53
540 5.522854954273734305534358628193036638574e+55
560 1.228825521873648856828980102317504113183e+58
580 2.724596862933594442571409570840960475374e+60
600 6.021451155542395718837719318536327723313e+62
620 1.326717700968210139513453447908258862917e+65
640 2.914856860414442624089182132358942399737e+67
660 6.386936890810822269912021107038151977146e+69
680 1.395961190902508147424638211976267384713e+72
700 3.043842114701753809834580344592504522449e+74
720 6.622110642643848537413087708783976987719e+76
740 1.437636442555383854413986616885938745943e+79
760 3.114789147620098066783256598617513987217e+81
780 6.735658002116043033596694322420044407633e+83
800 1.453933953313440661314573776065323180285e+86
820 3.133004648002985376476373005294674440594e+88
840 6.740075953867080606884914271061899601783e+90
860 1.447735144756055700580796475310965959801e+93
880 3.105023812032893617438849440835713802481e+95
900 6.649991551278875452489639429805401335271e+97
920 1.42227821025075833822397354433540070255e+100
940 3.037949590554985074722774425867772638425e+102
960 6.480861972448643291035323919351892267446e+104
980 1.38090369108513313858364522707644916117e+107
1000 2.938957400114921079666110882117571699123e+109
