physical_qubits_baseline
100 1221783168.0
120 1392123392.0
140 1752367488.0
160 2002703488.0
180 2253039488.0
200 2503375488.0
220 2753711488.0
240 3004047488.0
260 3254383488.0
280 5664756942.769230769230769230769230769231
300 6069380893.538461538461538461538461538462
320 6474004844.307692307692307692307692307692
340 6878628795.076923076923076923076923076923
360 7283252745.846153846153846153846153846154
380 7687876696.615384615384615384615384615385
400 8092500647.384615384615384615384615384615
420 8497124598.153846153846153846153846153846
440 8634782208.0
460 9642983040.0
480 10062241920.0
500 10481500800.0
520 10900759680.0
540 11320018560.0
560 11739277440.0
580 12158536320.0
600 12577795200.0
620 20230866319.05882352941176470588235294118
640 20883473716.70588235294117647058823529412
660 21536081114.35294117647058823529411764706
680 22188688512.0
700 22841295909.64705882352941176470588235294
720 23493903307.29411764705882352941176470588
740 24146510704.94117647058823529411764705882
760 24799118102.58823529411764705882352941176
780 24873480192.0
800 26827043429.05263157894736842105263157895
820 27497718359.57894736842105263157894736842
840 28168393290.10526315789473684210526315789
860 28839068220.63157894736842105263157894737
880 29509743151.15789473684210526315789473684
900 30180418081.68421052631578947368421052632
920 30851093012.21052631578947368421052631579
940 31521767942.73684210526315789473684210526
960 31662295040.0
980 44535109248.0
1000 45443987876.57142857142857142857142857143
physical_qubits_active
100 42886400
120 51462400
140 60038400
160 68614400
180 77190400
200 123503616
220 135853056
240 148202496
260 160551936
280 172901376
300 185250816
320 197600256
340 209949696
360 302573824
380 319382784
400 336191744
420 353000704
440 369809664
460 386618624
480 403427584
500 420236544
520 570834944
540 592789504
560 614744064
580 636698624
600 658653184
620 680607744
640 702562304
660 724516864
680 746471424
700 972539136
720 1000325376
740 1028111616
760 1055897856
780 1083684096
800 1111470336
820 1139256576
840 1167042816
860 1194829056
880 1509401600
900 1543705600
920 1578009600
940 1612313600
960 1646617600
980 1680921600
1000 1715225600
time_baseline
100 868.5016340838166273653278420707434061421
120 95930.31351589682100143793369562238257894
140 12044168.89587964251338805280760979169786
160 1287709690.167049262310896880659948780984
180 137363296741.2130969139125677501332692554
200 15988662180988.20799590861611032225054505
220 1702113776482904.698892020520127846330899
240 181117769719831666.8480477100754849384425
260 20774331104502557345.12769121648750095915
280 2396502678831291061464.167138176804371205
300 254828239935603127110451.8067368236810859
320 27093558843767747281294254.01369631919451
340 2880356277743806916300809616.295101472079
360 330105428205409103650712465128.4338714287
380 35089868107949724583627737011531.55023785
400 3729872275658442226989746787032194.110934
420 396454456127403994824656582489424834.024
440 42732187116969593190519120282310488691.43
460 4803252598197839995762414971166705286794.0
480 5.105186402096299695775376594372622081371e+41
500 5.426044945185184655346238549549525112695e+43
520 6.253643677981927435836548985650902257116e+45
540 7.003567183777667609279590238769770336676e+47
560 7.45938207924779789396130441105011730978e+49
580 7.928033003902447522806617534496464646343e+51
600 8.426107571144458734418479432428231717605e+53
620 9.522057329343489644655700804116969943848e+55
640 1.012024527428913857438450990839071820266e+58
660 1.075600287894208638376111275891802100889e+60
680 1.143169251319967154219432395826807180113e+62
700 1.229035453645728016852513361434003083026e+64
720 1.368144499330780903325942824738786004706e+66
740 1.454090186908079284672711336869515659762e+68
760 1.545434974135351415985172325688071896152e+70
780 1.660449225781944032069788377723703763458e+72
800 1.843742394640693749912536869116729173804e+74
820 1.959565721392605956469873891772486787973e+76
840 2.082665479361573669879001211131259295321e+78
860 2.213498858575768215030235761616589872874e+80
880 2.376868478238897109235076440865395271358e+82
900 2.633297730478635405862487845031641655025e+84
920 2.798723905683163534751811616581088755667e+86
940 2.974543000509186136953606096956860859871e+88
960 3.192435381983332859704421477696404809372e+90
980 3.529662294910984228772373236656118726964e+92
1000 3.751402287583441127911123858007476184715e+94
time_active
100 8.96949703965525030085992217571849385913
120 1028.161744012542341302980423034977625095
140 110408.6093893663610245010366530984301457
160 11804849.62365920368958821070671189996217
180 1259293721.857179812548491811649002413152
200 149489995550.5918320975806609144341910193
220 16352968343038.4498575428901228815830786
240 1740111078150492.849528933899274145440496
260 194011974127602857.8187922338122487179169
280 20633518115934543916.14672082143337702813
300 2194060923215073920781.63171514723892846
320 233276746903294119731226.3655853661693705
340 24800210819468081348140176.45538470018188
360 2887335801706724080672204959.958439158504
380 306922936323489911502117141816.5721063498
400 33386339774705402424652505771476.67318432
420 3548710710702757133581981355673800.098029
440 392642852900076674735940202445065984.7974
460 41733195158705263085044571423347846179.98
480 4435674261461177981942181620532379506076.0
500 4.714472581479040783495048101178609577582e+41
520 5.419565895259419520900925309080295003616e+43
540 5.760124244077136382005169071293828254347e+45
560 6.246129811803694555358554683945545500883e+47
580 6.638581669692989213747847090230540660907e+49
600 7.307263286770488404464157102247296956537e+51
620 7.766343901606717102125187701692124800112e+53
640 8.254254788090723226517590429097592231474e+55
660 8.772809267587904521268794069441245845911e+57
680 9.32393423694272483325863041403703337145e+59
700 1.061711295151513824573137945701070309123e+62
720 1.12841013372368592562680610976493681318e+64
740 1.220768410241494022379420198227541380012e+66
760 1.297458206499393037982588120986904193771e+68
780 1.42250205006594124266586129878611379053e+70
800 1.511865098078596382665776087794664042646e+72
820 1.606842218763255563044937958184206563614e+74
840 1.707786165373122526932358900461927298077e+76
860 1.815073106992146333194970392171851835714e+78
880 2.051512408100435928484787572477737999905e+80
900 2.1803922374819073496562113659030734457e+82
920 2.354521321549044435902167563680083683391e+84
940 2.502437687939363195396019353503950195339e+86
960 2.734981694984131243643080345723929521295e+88
980 2.906800507523694205911945276258589287081e+90
1000 3.089415825530331029123051588436523826133e+92
reaction_limit
100 442.8670440755096831557770774582037388503
120 47965.15675794841050071896684781119128947
140 5573122.662366580132128355345195240389264
160 595852991.6663539418378969159167218131833
180 63561154846.21569850359199047756200274018
200 6771641689029.454082842432669858733328031
220 720892166011530.3799384015189648289628684
240 76708375403344659.82545828841484174632651
260 8798497362912534317.734833930733379130796
280 935723526731332965509.8977999362928626894
300 99498647979011891146165.38928164087863236
320 10578782296806684216922096.2463014227203
340 1124645979122040057311347186.205320096226
360 119554786615561913370630207432.0233791797
380 12708551070753058347222227006255.14502825
400 1350853532521252856162552968498583.326627
420 143584515224994338679168780775485096.8762
440 15261495398917711853756828672253745961.23
460 1622105254549085217193008229426773109049.0
480 1.724071245240404527299980591829461057288e+41
500 1.832428304976027449336611507156593324252e+43
520 2.084547892660642478612182995216967419039e+45
540 2.21553080666923700487437175244260781842e+47
560 2.359724720012491184288329483663400073771e+49
580 2.507979248365615138163475658781753077507e+51
600 2.665541745666762321727510572780758368225e+53
620 2.832998059411602306961434027616028520657e+55
640 3.010970658040231961641537284271281288394e+57
660 3.200120964317809849060296480864852897431e+59
680 3.401151829435294171027042083885427587158e+61
700 3.614810157781552990742686357158832597135e+63
720 3.84188969273025740411867223394382981131e+65
740 4.083233974273141739158599422996428001843e+67
760 4.339739479871967710766932882170118529501e+69
780 4.612358960505400089082745493676954898494e+71
800 4.902104984556443894090308258858153786198e+73
820 5.210053702907147311823255713056872543355e+75
840 5.537348849393686455833309198483711167833e+77
860 5.885205991615148327898368126327163393463e+79
880 6.254917047997097655881780107540513871995e+81
900 6.647855087977945685967621251860276396527e+83
920 7.065479433219857852357362111372996365228e+85
940 7.509341078857019950420055231034206779454e+87
960 7.98108845495833214926105369424101202343e+89
980 8.482473549655754099736986874637670700006e+91
1000 9.015358416702903587569462458705000217257e+93
hashing_time
100 0.0006121364458874054483944133102954572281909
120 0.07956821145023541123738221017712481657726
140 9.968469938492750717249800422282428536199
160 1218.061075078554375491944305790616336813
180 146176.1692803693231627897457333951583144
200 17303660.57510488553277981640013943999539
220 2026323252.166427259545633282818871849671
240 235217561618.1515282669510060628342971469
260 27106093630652.20964693857279340638992871
280 3104492965782236.426352643211121241428657
300 353690684616096756.3454162641734337500612
320 40111680744893105744.29575886858681939868
340 4530852776498601116577.459597818504996512
360 509981796634643805672680.230817710595501
380 57222238401252557430752016.87504438502959
400 6402557146520001034964446748.856298130865
420 714565601547876138812764740451.2948048098
440 79567365009573555716151866214458.66208572
460 8841421032447964243666588093915709.608034
480 980576894357991025100721189905181047.2683
500 108563092384509881596722824184124268407.3
520 1.200007575872939454212487503935728636204e+40
540 1.324464492235029819052150166436799054315e+42
560 1.459817621543027449909208634048465583692e+44
580 1.606945563169806253385990968475694703772e+46
600 1.766794226772733812980887739182896347661e+48
620 1.940381829734897633401291212130367395709e+50
640 2.128804256475098353696813575068440208949e+52
660 2.3332408052964471462890801482151138144e+54
680 2.554960350274913399010405482109454927751e+56
700 2.795327947640417399853291832921674990393e+58
720 3.055811918184101210396161263167284021334e+60
740 3.33799143944681390038840262897219146969e+62
760 3.643564683813910292063562606389554422215e+64
780 3.974357541173797202557805550114601382378e+66
800 4.332332967504347821419828113238341978095e+68
820 4.719601003640167709147909015051651738379e+70
840 5.138429511566194119570869291424539965512e+72
860 5.591255678882734071765753414849701054752e+74
880 6.080698345619831740089321107948986722009e+76
900 6.609571211350730808460991276678271558868e+78
920 7.180896984586270644661005226899069653298e+80
940 7.797922540750111958870451016591544447041e+82
960 8.464135159629905384193842470025531767722e+84
980 9.183279918145401373560414780944900183128e+86
1000 9.959378319516918226423884985765245511923e+88
classical_time
100 0.4823750328046628870095164657724594010902
120 101.637710479520681431724493847308695075
140 20742.46134849401712162600095256493158764
160 4143575.441383937943473459759286793419271
180 815100280.0319975480446907446652597318763
200 158476344463.5055155551321293973372433336
220 30526816756287.36067616233812904031699771
240 5835681235073482.236084883389983242407999
260 1108484607783369195.722789281036461714931
280 209413281783432171570.3555723543354297324
300 39376425773750211395691.36573518590118138
320 7373675777695432239958639.433349863153787
340 1375810832963697660456103876.999060383419
360 255879632121573271658121006434.6029502478
380 47452851996742310658188072919133.34214824
400 8777352295720174603623578694050691.79582
420 1619743981276529127371677672737894509.559
440 298265635620152075022284101539351468906.2
460 5.481688418236257552424460970502123337954e+40
480 1.005657245511872406584600269718226760011e+43
500 1.84192498892030096038991454417889440073e+45
520 3.368487002181758584399105761658360150412e+47
540 6.151590217706782974474185737223217414377e+49
560 1.121948466125072025363162108726747901963e+52
580 2.043762066970573050521195536860222254229e+54
600 3.718730573271234358741763129645500864816e+56
620 6.759237549296519013283505256754837356254e+58
640 1.227348855529726914768513318093537266256e+61
660 2.226546410816378788472100493620411751769e+63
680 4.035642679267621869633502557125942925334e+65
700 7.308574149257483497023743733314225720628e+67
720 1.322548389034750039355605041782836844716e+70
740 2.391485758302664503991691210837192537464e+72
760 4.321338140053327067822565606556888530411e+74
780 7.803304234076455649441739662892677761805e+76
800 1.408196017477439239440736906523978584601e+79
820 2.53971720532868388308077153091428120279e+81
840 4.577809624297512422014890991542702554146e+83
860 8.246920113436043953365334442094051473726e+85
880 1.484903837663473372400015626236880887533e+88
900 2.672313628010349121339582684542767660068e+90
920 4.806937727066114127379675815734400499189e+92
940 8.642718284758165685258169838606268410038e+94
960 1.553249703972863467327861122805504999851e+97
980 2.790287979941003459540095022108855424184e+99
1000 5.010498125443089775425407931660663919872e+101
