physical_qubits_baseline
100 54098239908.40287943224206881424184337886
120 570434459059.9215098266592947195692234788
140 9458712664125.888578768880003248702726792
160 91711631655669.40791432638904610760593987
180 947090532292731.1099854131539844396355116
200 8851192603556253.288531449435777673916069
220 126500888422655039.0381789486503568326589
240 1138186080330262370.225941838144676368804
260 5376789545558544995.560099600387160600161
280 5629111872022057483.641894147208226656717
300 5735480700599702982.256710597032368466936
320 5742410139041526988.237890915161729886088
340 5742438157314577422.78397908129489187584
360 5742433275479885183.927185970414850860395
380 5742412755764987359.275470636252438686121
400 5742412316456174677.278583184815622426019
420 5742412594982871759.872961584101030900254
440 5742437240238131737.946739834816743994938
460 5742432229625582988.285043159001454500124
480 5742442619718640974.803054401828266408498
500 5742459062863586509.559627264980716941309
520 5114477756082996999.118109706922591552883
540 5114456374704940094.744711950882265788508
560 5114483871453681366.737325942365461923114
580 5114457181226561881.892456639323200737372
600 5114470009733735241.636932723156964478889
620 5114480985364862617.664058673128715767687
640 5114465325763784010.402695976420314976422
660 5114482907508160819.270243528719773761694
680 5114468155218399697.794775255372795171542
700 5114474206440156708.954775076414447953707
720 5114459158832013548.988819412984670601513
740 5114479131158968641.061146013258138332538
760 5114481749148290739.768660766639685746405
780 5114486645960549842.507662532407639393671
800 5114485201269675427.907211098972580050133
820 5114439270701806380.774342105783091967998
840 5114485446256685186.330593925832268836105
860 5114443517067012887.428682406090539942547
880 5114468266691731156.650099228196554435162
900 5114488058579049377.774388037306394226468
920 5114444045802285626.022590985031661270207
940 5114444462581276052.084196667641047018015
960 5114468358730997046.065391097013602013809
980 5114455415272826528.841724987831001262172
1000 5114438814669368963.761211197501045162894
physical_qubits_active
100 3416405998.670727188214170551326245628835
120 52116340256.11451040243278735083521430985
140 531873081463.2796557981542337242182695986
160 7144582556090.354511608891992463072640785
180 68675579089578.03683209063195743624438042
200 844227194677767.3717824333291948899115178
220 7808852091290645.458846750890432092250202
240 90079947366327547.25071167745606199816617
260 500399213542747215.5942391438238399814017
280 523881980110264982.74936194948424631519
300 533781359252387962.611141051375743924331
320 534426258158510803.5586683029466477325349
340 534428865750648202.7718919573099015240428
360 534428411443507549.5511573727701117599251
380 534426501772922914.4044179279899896404022
400 534426460916306184.5768807058925660703601
420 534426486866158488.2152593377478856119362
440 534428780543192075.7512089190150529543917
460 534428314251141556.4713860548163289437063
480 534429281249515116.8732484319989079952069
500 534430811584499896.2828876002774050201311
520 475986762587187323.8825602333106181063642
540 475984772724591606.3978326617852271557476
560 475987331780264681.5018451319093031105737
580 475984847841441641.4976693010072778722542
600 475986041774586292.939686619186315912414
620 475987063266963519.1869761445443197550197
640 475985605910368573.8857790578334402025521
660 475987242210865803.1894130785220822486453
680 475985869294598218.1288762452650344505856
700 475986432489221106.091649611578822517795
720 475985032088692744.9966327978580428665903
740 475986890872445282.1834477443702315805061
760 475987134547995586.3907548410088120750493
780 475987590305717784.8773999564827956625101
800 475987455881668599.7121648300579413727439
820 475983181310853976.4331635277601760789203
840 475987478738433755.451893338839671366785
860 475983576562053450.2958289814881842664073
880 475985879952391671.7217402725171293099266
900 475987721943251061.3098546335324703793828
920 475983625854623994.6042429953496194760546
940 475983664671139243.1907116489195948830167
960 475985888631510291.490497077432629317246
980 475984684056944949.7293368997516055153255
1000 475983139124512037.2043937829223867066444
time_baseline
100 293608.3091100273839739436017651590881364
120 40345798.36983558721537233428381834991996
140 5425671370.996358262240682927807965628607
160 639894688800.4750196255966730119861787195
180 71375643736511.63086052111840328132499018
200 7640479135742817.139365612491834017991766
220 790727442834867277.4142464201770474118843
240 79549790212291342781.56619563644444951823
260 230764465235441469225440.032710420890019
280 61093990954387473164837169.70445686664907
300 16058855395056531555665437952.03151781386
320 4180842992368530884108839917121.621002511
340 1071422278520241951722719508431018.999815
360 270558769406247854645991986742348305.4491
380 67417545830315802235190185843388350632.94
400 1.659635419420829181425054049864084221243e+40
420 4.040453480763527090132374337251548827666e+42
440 9.736763598534549029285123075208148251439e+44
460 2.324397399206049990645318522456360318988e+47
480 5.500692815002812703248029371491801582092e+49
500 1.291230107824261381432737721719691907326e+52
520 3.377576324551379379013599594294652751708e+54
540 7.813451359272542403693521192158401295646e+56
560 1.795571888307569112791605058494213795052e+59
580 4.100746936976702523618583666268254526561e+61
600 9.310586050117072364328524197541176513469e+63
620 2.102277643642876400944828416853965829536e+66
640 4.722087751579029329628208226673404468938e+68
660 1.055422237760663174144163278521134227234e+71
680 2.347899099228088893293666859055929472115e+73
700 5.199871735014237365828135344631027290679e+75
720 1.146729746253887294184339739032700348616e+78
740 2.518655845344578272216083310872438714939e+80
760 5.510591718201176140818176012837342621046e+82
780 1.201220952293903246434058118839703837903e+85
800 2.609230604133181283011896652324845346161e+87
820 5.648500234860396428733599287398770898247e+89
840 1.218819817617155747236322817997183662896e+92
860 2.621776392138164172887116316952626552417e+94
880 5.622738985340050294175881855370889993688e+96
900 1.202400216641290953076346091288387304465e+99
920 2.564178211636568734344046182444654835512e+101
940 5.453618559960560143735966146264020033103e+103
960 1.156913859317930638650658840722649731981e+106
980 2.448153579120873846140776382122290183203e+108
1000 5.168127265985614480124279198090689653492e+110
time_active
100 2652.826108980348191227010207665943082656
120 399780.8495475324392606540456003674990066
140 46049289.91758907661393489793635498557489
160 5821788327.022315169726962070536381957915
180 602278290460.2715499964996407643162111329
200 68644923487428.79530983901453651695975976
220 6644768355262830.629144369818625443314466
240 705881625197712380.0531536177245855167407
260 1913791838495100290533.834845070193578736
280 506668915204358635516653.8636675528666188
300 133180411284262565468422484.8405638523658
320 34672856534824319266179454460.05987202534
340 8885593412219135003613496763065.267170251
360 2243816716524285698995276370649797.500113
380 559111858209880581640974815036671746.4261
400 137638033519933552090573383365984293416.0
420 3.350856851456206040559097623593389794715e+40
440 8.07496019190906817306888477010848399952e+42
460 1.927685342095503435643855902550816647941e+45
480 4.561872644597971526484972444473932698853e+47
500 1.070851891704743854455191228396926648344e+50
520 2.643520488216908096044338966135077710295e+52
540 6.115337380020740744685561542697975466064e+54
560 1.40533643609027003335784253443284583702e+57
580 3.209522895240596108125439593808412552097e+59
600 7.287096608120800759208504668641747563766e+61
620 1.645385178061819440744859836587120215705e+64
640 3.695826390607447817602471703846901650268e+66
660 8.260450810443095572309370604258730580236e+68
680 1.83762520085976231520647878662768089316e+71
700 4.069772565780619383656244711965422030421e+73
720 8.975085347058321936002737380771106720619e+75
740 1.971271020492037900591262532029535429914e+78
760 4.312963114693913862023042341575201831727e+80
780 9.4015705112001898646824339801844412155e+82
800 2.042160974404880112797144673878753282921e+85
820 4.42089968015292726583194973303137047024e+87
840 9.539311175871857865363983868287346140609e+89
860 2.051980159497649120276365804781767009915e+92
880 4.400737177380423997237765431218446709703e+94
900 9.410800232993799677061602894975364646584e+96
920 2.006899913766150987442366107554945109458e+99
940 4.268372052984862428662504158439747080853e+101
960 9.054793125712638914320433318582593682116e+103
980 1.916091160963555788454443385856650894941e+106
1000 4.04492718810391839906511057315810442775e+108
reaction_limit
100 133458.3223227397199881561826205268582438
120 16810749.32076482800640513928492431246665
140 2086796681.152445485477185741464602164849
160 228533817428.7410784377130975042807781141
180 23791881245503.87695350703946776044166339
200 2387649729919630.356051753903698130622427
220 232566894951431552.1806607118167786505542
240 22097163947858706328.21283212123456931062
260 57691116308860367306360.00817760522250475
280 15273497738596868291209292.42611421666227
300 4014713848764132888916359488.007879453466
320 1045210748092132721027209979280.405250628
340 267855569630060487930679877107754.7499536
360 67639692351561963661497996685587076.36229
380 16854386457578950558797546460847087658.23
400 4149088548552072953562635124660210553108.0
420 1.010113370190881772533093584312887206916e+42
440 2.43419089963363725732128076880203706286e+44
460 5.810993498015124976613296306140900797469e+46
480 1.375173203750703175812007342872950395523e+49
500 3.228075269560653453581844304299229768314e+51
520 8.44394081137844844753399898573663187927e+53
540 1.953362839818135600923380298039600323911e+56
560 4.488929720768922781979012646235534487629e+58
580 1.02518673424417563090464591656706363164e+61
600 2.327646512529268091082131049385294128367e+63
620 5.255694109107191002362071042134914573839e+65
640 1.180521937894757332407052056668351117234e+68
660 2.638555594401657935360408196302835568085e+70
680 5.869747748070222233234167147639823680287e+72
700 1.29996793375355934145703383615775682267e+75
720 2.86682436563471823546084934758175087154e+77
740 6.296639613361445680540208277181096787348e+79
760 1.377647929550294035204544003209335655261e+82
780 3.003052380734758116085145297099259594757e+84
800 6.523076510332953207529741630812113365403e+86
820 1.412125058715099107183399821849692724562e+89
840 3.04704954404288936809080704499295915724e+91
860 6.554440980345410432217790792381566381042e+93
880 1.405684746335012573543970463842722498422e+96
900 3.006000541603227382690865228220968261163e+98
920 6.410445529091421835860115456111637088781e+100
940 1.363404639990140035933991536566005008276e+103
960 2.892284648294826596626647101806624329953e+105
980 6.120383947802184615351940955305725458008e+107
1000 1.292031816496403620031069799522672413373e+110
hashing_time
100 8.304473357359509990775716428460750839546
120 1246.999080067675818016508730701848893845
140 167489.8917718844901402690462275974081553
160 20739196.93369875721412669284647855970553
180 2413667968.184556322114629311580964995688
200 267443354708.2743398307973352773121112945
220 28477047447957.88091631978578065714477659
240 2933409330624784.960418212904101661625477
260 293836211889764870.7423363972058569398423
280 28734737103493163909.97631029191004647443
300 2752027488425425083105.139378696096939926
320 258789052621104380322851.3058188732464174
340 23943935388078297553967802.29887015501356
360 2183525405357231757847031567.533132119924
380 196550149196274313282902861383.555849449
400 17485652480061454543340519804182.56449573
420 1539040537784828427601287635218041.866611
440 134146647607816736576603337261365234.5256
460 11588372839057370968352215043596020529.73
480 992854338733867880510296274310140988839.9
500 8.441909929975175510902449619811465434857e+40
520 7.127357770776222106791776342746020557022e+42
540 5.97810722537494376121658263259669147058e+44
560 4.983544075649803955253636101600157619478e+46
580 4.130712507058968743079148570139702731094e+48
600 3.405490518856675946762943997921424692887e+50
620 2.793467216448023238441466528720968967494e+52
640 2.280578436533848421430919059556265449507e+54
660 1.853535773827085798898656086990136718406e+56
680 1.500093830128198639095313718320573101102e+58
700 1.209192539904074229624574680663007448782e+60
720 9.710067333107778886359295877207620067839e+61
740 7.769299311966373718845404728504728448583e+63
760 6.195138719431345042115055707143725084309e+65
780 4.923804825918811709325842193815294919306e+67
800 3.901190159129264261279168064580510151901e+69
820 3.081776519692317285915300261464354665987e+71
840 2.42755964905582973493510156422373031445e+73
860 1.90702595442129573643506166515690798361e+75
880 1.494207490922421995475606401020669253529e+77
900 1.167829178283336634430382232310022512763e+79
920 9.105533998301636675087135625216622395276e+80
940 7.083209796028822835779647669775475902133e+82
960 5.497836516664481353593930276445979951186e+84
980 4.258206826932486497636202211187603280201e+86
1000 3.291311552062472346417929932247493116339e+88
classical_time
100 974.6481279992077720062793882340583421159
120 252500.4276377426884150990864339141281008
140 58441398.75066104655370913632052665887108
160 12458605633.68775165101542883827135600579
180 2494088684118.805766483227035732677404405
200 474951491171327.6063185051783435722818316
220 86832084484510390.54346641209033377900729
240 15343162254360844511.07708033638471024759
260 2633816421220804731479.274740629867587427
280 440983312915923119860756.9724607545492533
300 72245787598043024422063140.78939689621203
320 11611300461766656216465475690.79999861752
340 1834661628363393573678873777274.565325534
360 285505355973288380537067404585592.2742713
380 43824099530540366693126948919673118.2359
400 6643725410337186022904644497807594574.727
420 995847677081850318906427501207012517716.9
440 1.477319645862670619522552407512173624346e+41
460 2.170809924067908624908842180342052796432e+43
480 3.161955684196663917144233355894019358672e+45
500 4.568358579650812380246127583949563993774e+47
520 6.550688475705121049140712526079847189768e+49
540 9.327409911076611314593456393111227076367e+51
560 1.31942370379990170707251662935245592421e+54
580 1.854975393268266857102543208786582281159e+56
600 2.592906432680471653387811618342696230014e+58
620 3.604783476938636002240762532507108999439e+60
640 4.985980876010967131774658353624515859813e+62
660 6.863169641089584789659854613183586203978e+64
680 9.404045222740079068190135142618422686462e+66
700 1.282993311561397338883700510507530128369e+69
720 1.743208569550488682486252523905350596742e+71
740 2.359270503376188792930121280458441338169e+73
760 3.181200540180462543509424271283833961723e+75
780 4.274297939025150483573187359105226620572e+77
800 5.723597265963417899997254104412210275785e+79
820 7.63957296386911486318028335097703209575e+81
840 1.016542646674557731197203287474983685609e+84
860 1.348637878422115031675047759445133686859e+86
880 1.784150049130888820560646150048128917029e+88
900 2.353874743702618819094660804481242407147e+90
920 3.097404097078448345772443237879572171958e+92
940 4.065544349359156436763368897186633151791e+94
960 5.323374540458937352418187248425803374116e+96
980 6.954110809743683037656173851235092021508e+98
1000 9.063981761010060440682226995531025644144e+100
