physical_qubits_baseline
100 20814830602.63636363636363636363636363636
120 481301781295.6923076923076923076923076923
140 6986291916867.384615384615384615384615385
160 107055334885800.0
180 2384971638291649.647058823529411764705882
200 34630513074266905.64705882352941176470588
220 524409433766078515.7894736842105263157895
240 7614585692663905237.526315789473684210526
260 148621940173972781775.4285714285714285714
280 2140309801041962190261.818181818181818182
300 32629037676386985513262.52173913043478261
320 634684844996555870713127.52
340 9215818470782013751846795.36
360 138371406241820354991047230.0
380 2001654347531559440429710760.0
400 36195167250447634841495563354.89655172414
420 542576395880313330780955569906.7096774194
440 7878375559749299767729768324930.193548387
460 142823616489989390713212331389775.6363636
480 2073842684741395956440123132283556.363636
500 30950273026116383267303314638521088.28571
520 532490666180920233508452922690185176.2162
540 7731927673388493004374687083177754919.892
560 115246411444749584814489857265949094402.8
580 1673413215482769307935086181158529042427.0
600 2.90566396048670229081877108099232149912e+40
620 4.205670117821007351604774254065911390099e+41
640 6.269692926089118593633078685183147417012e+42
660 1.046971994947702534399502181124008952237e+44
680 1.52023542479304331886886410477276794516e+45
700 2.256912451421769989108381082855325819831e+46
720 3.27710605046253904523898104576880556058e+47
740 5.52710935517510248663616019194289394345e+48
760 8.187460753845593513434343222012182420405e+49
780 1.188844394803565115720371384706774813808e+51
800 1.944151938245154991967581006166144913409e+52
820 2.822968199687113696833181136772179922948e+53
840 4.178579653831088306298384629716573260627e+54
860 6.901379125798600924640713384614683658759e+55
880 1.002101400762906906341814563972677364004e+57
900 1.480857593541649644374892131641480301112e+58
920 2.150250611897452220714173888443417437531e+59
940 3.462375804998316202394356605286430922014e+60
960 5.01922056906835924898022517993404854936e+61
980 7.424889225272280416637489662893588120293e+62
1000 1.207064467960071449035836747606679849862e+64
physical_qubits_active
100 1925606304.0
120 27125501472.0
140 534734610760.0
160 7762912745672.0
180 147223567588864.0
200 2705562802303704.0
220 39285597319126200.0
240 704245567107066400.0
260 10225861469535548000.0
280 179663997552638349432.0
300 3104659408808009586816.0
320 45080606147652819941760.0
340 768227311164352675127336.0
360 11154896008311134744287064.0
380 187849773577297415620732192.0
400 3131215123654080084849651000.0
420 45466203266157904325114967000.0
440 751141781205118432389892143104.0
460 10906808876843143415935329032192.0
480 178785117247826055295170230000296.0
500 2596014697408425668287147158328792.0
520 42260058861403527968205372003902880.0
540 683703924181784847077810207339293784.0
560 9927590524167701255917251638682081144.0
580 159724827777548035641993647023166032000.0
600 2319253452605749237439088402651795753600.0
620 3.712808872061413424294138011618618229863e+40
640 5.916776282887245340723359264376905631977e+41
660 8.591340503114306511297668028619250018198e+42
680 1.363474517167135593370230089560873272498e+44
700 1.979806787385567931355183387172022908946e+45
720 3.13015182767941110743348906990367469021e+46
740 4.545076388272091701013526519839440440182e+47
760 7.161013688778992873210996425544759342329e+48
780 1.124648907668829022124254966744975875929e+50
800 1.633024682745588793841014823077555751365e+51
820 2.557109729534575269380641559183845268599e+52
840 3.713001698880853356700070651539038920603e+53
860 5.798150254530152302749985424793733201405e+54
880 9.031194217125761806870642300310435581695e+55
900 1.311357079589004268688725606535016734108e+57
920 2.037714154138410197019167695315375824481e+58
940 2.95882340470644868544866857810314792011e+59
960 4.587496087484291581623026155725649044135e+60
980 6.6611849189353022855626836878318497363e+61
1000 1.030632521275098198884221473686986516221e+63
time_baseline
100 6428.779345901748110912079961466838499412
120 1356999.93042181761667538267709369663412
140 306362888.152888993123943766981380346937
160 64025920854.56224001695561846843676576643
180 14128851746347.8748975653585487799004971
200 2903577437540356.474652882579215289413703
220 596110406193280059.1670407067536130528886
240 122027153991461299894.28303715419463168
260 26586520731291780823717.26523851210276032
280 5460495283975489857756116.351680384998989
300 1147596810892408540302916311.681437132109
320 232697714121919005753510819094.9497104761
340 46918301844585801221050768539083.67788014
360 9463950079292906539519520556095145.133228
380 1919537886503394763441797800410815484.172
400 396737327878909336335650992339829597380.6
420 7.961142349607368553852258350101187739851e+40
440 1.595749077029267452128749050363125863919e+43
460 3.195210212500531147316704282656077518351e+45
480 6.379641281738052224042141103214469631132e+47
500 1.282103631068765299376325811355437465494e+50
520 2.766119919065202676413923792030525772328e+52
540 5.512424692792605133526185180264392667211e+54
560 1.097715072145664400610085883580658848981e+57
580 2.184377179262475997456152128077256741603e+59
600 4.343814545910615655671523748540748532529e+61
620 8.658004278345494790508800957997736483764e+63
640 1.751587723142702669386777920186011157305e+66
660 3.480723798206839469005139690206344586984e+68
680 6.901537307534158017268849800253877950839e+70
700 1.367716880020026168612290187959734039991e+73
720 2.709128867291476051688941251601485003601e+75
740 5.384938431107577327047581170792569842244e+77
760 1.082711011897268298692195886799087083463e+80
780 2.137382749959564919531968917793028345207e+82
800 4.22445162770642009286551441614886606335e+84
820 8.346128895201193405311851949696736994118e+86
840 1.648285719350991896182905263041429994843e+89
860 3.312314556734840648604449615607672516006e+91
880 6.534710218958174276164135943501995008404e+93
900 1.288767105194042150126135935383037536999e+96
920 2.536972244475484486763769853580009879756e+98
940 5.000208466633946565901294784190725432431e+100
960 9.88303839259036675723713637260859940891e+102
980 1.971498870821106129974855564269511927143e+105
1000 3.881264104436291495641349130805532565435e+107
time_active
100 68.17982002013831155102006313321728826123
120 13611.69628991435453120523806063013447594
140 2975293.408130153148803629633934197990966
160 589630293.0091456971449028152148360862221
180 129834389744.6281506678819564243766539694
200 27534769381054.69448014235885783038235596
220 5422226195971338.996200231174210927850061
240 1138233792668566922.521950211901217325994
260 223650797704667572712.3232953202086804131
280 47400268681999543011341.33235562930073746
300 9801614144917217785996741.656463622439639
320 1919573290775723951406653240.280558689854
340 394679446688002284962036509515.534216104
360 77197304956545769608651792247858.00490082
380 16017859847143623689118266779365656.62106
400 3263796893229983694638284184889509392.999
420 637093313310831575016296502189234786075.0
440 1.293430937062204331261297716827533459953e+41
460 2.522708698567511263187917485771839007061e+43
480 5.105302116763542967291446166805669918815e+45
500 9.950190088672468541886877165051988974682e+47
520 2.029890581140544694835831280155278618103e+50
540 4.08608446895767788743052069829720563238e+52
560 7.954063585274332115466220551545073532507e+54
580 1.597509188742680762941436412728730437574e+57
600 3.10814153747414833257975521189712083686e+59
620 6.287930799059190661432213745596762352414e+61
640 1.257987131363043949914550987928751062835e+64
660 2.44538066347785275745259415634233152275e+66
680 4.884104023696820336060034461315231869182e+68
700 9.490453445548512719243014376581496451577e+70
720 1.892595429631897752124614016149131726871e+73
740 3.676255633303772564267421267787614221466e+75
760 7.378229112909506428368464472114966354348e+77
780 1.467389723493394549425325977609077995286e+80
800 2.848530084199422541175860471686405782012e+82
820 5.658382668742763821483672732242644316087e+84
840 1.098111806386294829928372001540939521743e+87
860 2.194110496994922313660661887041276479776e+89
880 4.349071968553932377500755252534041539654e+91
900 8.435946093832981428521970604958115371529e+93
920 1.670524387350876691841709282870545984593e+96
940 3.239607434222379799794844480504960939227e+98
960 6.40943738539398986398551432603697764059e+100
980 1.242705327602232083916525600349642615008e+103
1000 2.47157681034892379189014537521356523108e+105
reaction_limit
100 2722.771837412662167504806196929733952898
120 529846.3853516458378955967393304055546338
140 110955928.3331109539031214968059519720145
160 21622177760.34214966850292823391087528456
180 4203610591611.018004792936117681456640246
200 815354438101544.047250913615081217465154
220 158492658280767748.2084027744396707091734
240 30806199324301524798.4829582652695864213
260 6389263437394803839678.091472744378307266
280 1241021655448974967671844.625381905681588
300 241034811366157749113457716.5867283863738
320 46904223870666359896925344584.43538682914
340 9090712141044700525667091198036.325023248
360 1765291769764308463456295756156125.13868
380 342774622589891922043178178644788479.3163
400 66554098969792983704182576544053370041.12
420 1.292157150334520103415604311845811268381e+40
440 2.508595456069835569043950026775916928097e+42
460 4.869911588680149649686461540654855318766e+44
480 9.435767768137538850698807667207368318557e+46
500 1.831576615812521856251894016222053522135e+49
520 3.75773981459170208438847170655263732356e+51
540 7.290480351395617023964760170921900225843e+53
560 1.414375871542600776388923316538779933738e+56
580 2.743803939500773806189018775167135307537e+58
600 5.322566926620907089511026472108875791825e+60
620 1.030714795041130332203428685475921009972e+63
640 1.999272082108521142544958799264283519813e+65
660 3.884247636507269564550786750489382331287e+67
680 7.533502079412645428350179478214936791261e+69
700 1.46105997124143705519025067119433000725e+72
720 2.833482577832245583329110198568850788568e+74
740 5.494835133783242170456715480400581471678e+76
760 1.065542162053339905382993826187448320959e+79
780 2.06288617628743546134914644953583080794e+81
800 4.000000415717699831386200754729463082056e+83
820 7.755812268334361665345392849951646549006e+85
840 1.503755544293905271299991168645195771229e+88
860 2.915480309041413227069106763279678668748e+90
880 5.652311834049185545239363978878456324013e+92
900 1.095785256638118357859503250393560397208e+95
920 2.121014136469180543917628102454484901321e+97
940 4.111631970506511747494052596442258963489e+99
960 7.970192252089005449384787397264999523315e+101
980 1.544925161876799365337066875485494808927e+104
1000 2.994541752769590784801276701301061353863e+106
hashing_time
100 0
120 0
140 0
160 0
180 0
200 0
220 0
240 0
260 0
280 0
300 0
320 0
340 0
360 0
380 0
400 0
420 0
440 0
460 0
480 0
500 0
520 0
540 0
560 0
580 0
600 0
620 0
640 0
660 0
680 0
700 0
720 0
740 0
760 0
780 0
800 0
820 0
840 0
860 0
880 0
900 0
920 0
940 0
960 0
980 0
1000 0
classical_time
100 88.93222821478787192415017757483510908168
120 78371.12658090400724254819888381532217149
140 67140893.33514494116205915461694571283612
160 56343473968.55709667527950001585489599188
180 46542272571963.67209249768908557415863352
200 37970589329236700.83933106492863717656012
220 30667304769362980198.03895967114620218163
240 24563754612688931721258.79838384313060927
260 19538156592428874641870413.31529457036952
280 15448701211954667333286759375.95699571291
300 12152803656301099951490549705892.30727297
320 9517535888666429787283281023240471.927549
340 7424567515373813384770595732617007828.107
360 5771797615193621821015494404903239156346.0
380 4.473087605564903513276715367035623199996e+42
400 3.456989390048987303642614289278581654926e+45
420 2.665021800500940251097505118045222689916e+48
440 2.049825339967915086996818321088061283951e+51
460 1.573381707681981243341581258327200740763e+54
480 1.205394047432873859722330752073781243528e+57
500 9.218682780122419620845412421714502775054e+59
520 7.039030522130550460352639976738326529262e+62
540 5.36677670962694907810050396174316928212e+65
560 4.08618212290330016295886434268092510951e+68
580 3.107186423334005354158253905269330526134e+71
600 2.359934346078170603231591909187518173687e+74
620 1.790397524717372804770703638437668904984e+77
640 1.356896243125083626139378394432188518774e+80
660 1.027352037633359595983862733203940952075e+83
680 7.771283722343242681269392335723070537184e+85
700 5.873408741002624865737898361279158833681e+88
720 4.435400697906066845502884140745539071314e+91
740 3.346879843191784220514187165570314178051e+94
760 2.523654514763132691077621471854760373732e+97
780 1.9015979344252011006001201454540570113e+100
800 1.431929895235212950630926268164794507103e+103
820 1.07758910868705944401883505500140426546e+106
840 8.104497689299479201548524982655955237424e+108
860 6.091898441908177957218379394066270141686e+111
880 4.576612885840350935721150118808225294493e+114
900 3.436459598037058603910135020618007456165e+117
920 2.579073468171053495090679875186416531494e+120
940 1.934687499703440782872397906021992390858e+123
960 1.450645272642546863900500119835474355357e+126
980 1.087234017012598788815790798895397013643e+129
1000 8.145239570221823394685875470578257400012e+131
