physical_qubits_baseline
100 4092993117.529728226545694912395635194217
120 15359720880.1659407991437933785129219699
140 51246259578.01533510470678358130197988759
160 255163930962.4496692009592185045483471079
180 759516855015.1085643604945245682780536154
200 2191415600886.909140073450204619379449616
220 6178272460339.399359640126258120447562913
240 18052669847387.67529718329838644290625673
260 49248774445369.88282285257175913050976775
280 132694193623391.3833881982663104297887435
300 353726023184603.3890706422653275780554319
320 934166576046254.5449176310436087865662183
340 3753953579391361.350691653511430728626195
360 9759761504165412.002207918632341762574791
380 25205217335584166.42927575502847857553169
400 64700579358437265.18486231444898715919344
420 163043241600206489.803502923795050634724
440 437475880507791032.9249852041786714378222
460 1105889845929482015.084735109077451189279
480 2783408915017600672.0555927897863062195
500 3466851717565087126.338531242264385131562
520 4328773145057720871.207267724934755353479
540 5385849187002767793.191070994878675876389
560 5624232647630480425.096373062642620071394
580 5743404926136710564.353521379347771441941
600 5712771615328850560.16576513548581005014
620 5737932445269259016.938836073000581731872
640 5746370939998079909.39086699765772396206
660 5750657831173329768.006112876938598413725
680 5753034302355432997.211232306312172996791
700 5753307402909576324.679353906881314453493
720 5753514260957468769.268931775165587217554
740 5753446919620754979.245141005523830265941
760 5753452441033662845.060135223817143632492
780 5753475383100215058.612202893181237497433
800 5753466176271134003.86410422748555558325
820 5753472119309012784.961327150321217692228
840 5753471115599640527.352934380886782662321
860 5753471747101694232.634948520081257440699
880 5753471535262678426.68523340453280409679
900 5753471680744880037.142444894904995517851
920 5753512975871444131.09342466668303798776
940 5753494683008571274.343534634877070941434
960 5753525763377497471.245124763606781297229
980 5753477525748500339.697346057418592531107
1000 5753508420824920575.298032340760568228543
physical_qubits_active
100 292631087.3362788982295883809830452879187
120 1445529363.665612279454462622932602734454
140 4684351896.478755777999888986599408597541
160 14433119373.22566616843451636954933042366
180 42800218260.7225862711090145961021298765
200 167847727571.8929747989894017710889847916
220 472959583091.4936799724604068263725489639
240 1309206269811.572459581178869309215548028
260 3571313164752.021099992269354343166820007
280 9622123595647.964167253740361392615092018
300 33501522382285.93547986844984234553540162
320 88474823060964.964668484479157916892694
340 231730457185681.6527171256589515968706997
360 602466722495274.1469427222576694139193131
380 1969197168783253.288498756878581296634496
400 5054833624052939.051052064906668292263053
420 12903801405177239.89651140674419160664021
440 32773059235454415.99815281449996685544722
460 82846608711920117.2874912680247253795587
480 257427452168245040.540345731203825130965
500 322647903692596742.8886487894150195562179
520 402863950951517139.8052366426184044070246
540 501242363445655142.7818586314452001746291
560 523427887962377204.3830966089011279731405
580 534518839922423370.9030731856070517861276
600 531667903626155889.824640775754845048873
620 534009535105436892.7816506349930741490807
640 534794876662746042.3816535130439947847427
660 535193842831170032.9461249769137830073266
680 535415012815960088.7120737372091366213858
700 535440429368645919.095333076489652345602
720 535459680960303282.0166525616719950877203
740 535453413763258342.9730238255489837381053
760 535453927650403413.7794448789034102961835
780 535456062817552611.876426514023381805252
800 535455205998137522.555989225452355103141
820 535455759124460900.9735995486571631170059
840 535455665741035462.3874299098079834957954
860 535455724541083822.1158630544514897571614
880 535455704854294628.4490677900914661793197
900 535455718422155729.4688175797957185219033
920 535459561645145958.7802163486908364809456
940 535457859219980120.0878115062705510415481
960 535460751790793718.6826547011267362770804
980 535456262509776388.617714849457291068507
1000 535459137836057091.7913478213830217057742
time_baseline
100 2569.157279366053650864069763649914704975
120 278781.8892586853662278199107300763441488
140 27888208.81807639872240467553206182003053
160 2713408967.800813773683440453143372495307
180 237866280149.2316209644525020652337300262
200 22077668576773.7034848587987748558315093
220 1883043829595395.618175901526635662389232
240 170292452760488687.9995144976738049503033
260 15323812308568673638.43057589443934413124
280 1291244167533882422761.89047014294932358
300 112559478341826801228970.8099234660098804
320 9287872152975339901123001.969688333052797
340 809806288161989137738449060.9035437960127
360 66297966105093933869011052212.60316740529
380 5719556758693127216855769668602.404865893
400 464304995096358897151698718977521.2666385
420 38076148056213400733915908385708514.73005
440 3212139338123729730780332133807133605.665
460 258760470951508905711775073237052883648.2
480 2.195054778424659669177495118510499427115e+40
500 1.112396500699090927024249172543845817982e+43
520 1.336854424833248336222465359883022383568e+45
540 1.510861408935856656793865011792996211111e+47
560 1.854054782423745868901433440322889784476e+49
580 2.31610131429260769834213930696065883035e+51
600 2.866323183742657514075516441515928310457e+53
620 3.554745949776963344577415184911504852319e+55
640 4.406185826753547258825790301294239917709e+57
660 5.446981028656176497823648915425294807719e+59
680 6.718101479481132040404978176394699089923e+61
700 8.267632859769605800248258303144772023589e+63
720 1.015282672793324901184033657224180032915e+66
740 1.244181717068316407356251090950668767416e+68
760 1.521659755297556664248643315255864234207e+70
780 1.857465390118229494852268337144240500995e+72
800 2.263220182715047154955224741309066807278e+74
820 2.752750779478828866930496174137985175533e+76
840 3.342496880718838876044787985417539912769e+78
860 4.051972041779371637250720736574707359669e+80
880 4.904324214014706921234366583032433236653e+82
900 5.926980470365156364728029978719074301294e+84
920 7.15238333515327379802410704338339208788e+86
940 8.618993024327294215953967035043361550455e+88
960 1.037214442240060517101635826468754587634e+91
980 1.246538709514421499996469089353421097108e+93
1000 1.496192364945325548844894095936536214081e+95
time_active
100 25.55257537221827056564665287063973991564
120 2951.531274217737038542017665782704764572
140 274130.1232165348208185901635753456853805
160 25322919.93227993193328302066351219724291
180 2210392402.03631472331007046846868485413
200 215380248994.251657550222399769308098517
220 18287216978652.2914643618759263235260759
240 1582544291206488.84702522584357367511531
260 132165842920510220.5648348303133842220342
280 10969319914512913951.47349973701027663455
300 1009791807191085961888.06847315590481844
320 82973740347732189400756.8310505286007362
340 6958742923692381385649001.51754445585355
360 567330029562648862994795458.34811163369
380 50741717775503739843679057215.98261938964
400 4110586669170880369595164011287.704672571
420 339404447604069481540966538529766.6334651
440 27349347480252821519400475737318642.21202
460 2198647571016757048867507798827437647.278
480 192156088235417835588015164594804752228.1
500 9.831263909435632964288289086753891555828e+40
520 1.110922866077633845191406847965757425234e+43
540 1.253107581372389720574311807812546313157e+45
560 1.537751967445218536454385764628648497103e+47
580 1.920971460166556232068315309022559272663e+49
600 2.377326795852936970008208319905538740057e+51
620 2.94830424108960447936461251249293555243e+53
640 3.654487771774581958889573588441138540617e+55
660 4.517722602315039449648991172135794763538e+57
680 5.571989059086250569133720540787927735197e+59
700 6.857169405284934816508185265272139546393e+61
720 8.420747981875648337398075502315209263678e+63
740 1.031923520179933891408482152290129571762e+66
760 1.2620636275584589349409849194450773826e+68
780 1.540580605954251345346041109117770697376e+70
800 1.877113371388965689473265237308761957789e+72
820 2.283129735132515801167864898047004880967e+74
840 2.772264774186736107074539832515399400884e+76
860 3.360703018862135669227504255536052833114e+78
880 4.067643365202270518649630384283304352544e+80
900 4.915833809969752231644188199882968536562e+82
920 5.932182162107562791607184590088263417419e+84
940 7.148587300028525667507221385858414540678e+86
960 8.602649945283844074285952339270096200365e+88
980 1.033878408273944927991086243705502355408e+91
1000 1.240940990101480019674395862473983557346e+93
reaction_limit
100 1188.81193537525508319031661021023648092
120 118072.0141542531039923811790196577106519
140 11811433.42695776052683707308391906176801
160 1059461035.363791990093917383252215599129
180 92875834509.29076245503089541229130403245
200 7995903968905.592080591009734433262868242
220 681984946589368.2986213638642380433300362
240 57509423742034948.60920200939168516986631
260 5174998923773269477.257427477139009296251
280 430414722511294140920.6301567143164411932
300 35607423898029629717491.0759882259786096
320 2938154984059322696496129.592549438247654
340 240933177908535076224050436.1885628856352
360 19724938622509057622806624284.03874975515
380 1606109915416498126353619964138.469007312
400 130381580424108101600073272454644.4776702
420 10576707793392611314976641218252365.20279
440 854037017115141514485802850454347045.267
460 68798702509031192210227377066796938514.54
480 5541494239169632707776529520174608581815.0
500 2.780991251747727317560622931359614544956e+42
520 3.34213606208312084055616339970755595892e+44
540 3.777153522339641641984662529482490527779e+46
560 4.63513695605936467225358360080722446119e+48
580 5.790253285731519245855348267401647075875e+50
600 7.165807959356643785188791103789820776142e+52
620 8.886864874442408361443537962278762130798e+54
640 1.101546456688386814706447575323559979427e+57
660 1.36174525716404412445591222885632370193e+59
680 1.679525369870283010101244544098674772481e+61
700 2.066908214942401450062064575786193005897e+63
720 2.538206681983312252960084143060450082289e+65
740 3.110454292670791018390627727376671918541e+67
760 3.804149388243891660621608288139660585517e+69
780 4.643663475295573737130670842860601252489e+71
800 5.658050456787617887388061853272667018195e+73
820 6.881876948697072167326240435344962938832e+75
840 8.356242201797097190111969963543849781924e+77
860 1.012993010444842909312680184143676839917e+80
880 1.226081053503676730308591645758108309163e+82
900 1.481745117591289091182007494679768575324e+84
920 1.78809583378831844950602676084584802197e+86
940 2.154748256081823553988491758760840387614e+88
960 2.593036105600151292754089566171886469084e+90
980 3.11634677378605374999117272338355274277e+92
1000 3.740480912363313872112235239841340535204e+94
hashing_time
100 0.0008692950413464711629791409745591067251771
120 0.1031237371177329221034445396022539274315
140 11.14042883179746716467627529872825725995
160 1136.61683172829842109237987157219925398
180 111576.8730141573545499885335390385101267
200 10648274.40398638967770130030054970286716
220 994465397.9557113432285550188553547372469
240 91272909414.36452810489496871212895007286
260 8257774255637.59473961955300586524631238
280 738081275829275.4212353245062516495303175
300 65283841367619802.3909280458999127219125
320 5721943369027337044.357851653001738250623
340 497490203107381890413.3194166233539460612
360 42944963479688563108127.23571830892380736
380 3683399824085896100085361.392324272341285
400 314096866574382832123110266.9695735761843
420 26643319954104950687849398406.97622665026
440 2249163644070822168163066368398.521475103
460 189031786291339978743477475103104.9560418
480 15822696463090088699123661084112295.45692
500 1319444311111552772653964400624919964.758
520 109643763873975159259297717494487342786.3
540 9081629516805774982043790226804337084726.0
560 7.499360050318104022044044131935781374876e+41
580 6.175172752361740540597947598899196518617e+43
600 5.071242405899025808920731340286234255311e+45
620 4.154210918033703990026007551594172681706e+47
640 3.394954558401565895616295649034071483117e+49
660 2.768263684466175874259552859420359922942e+51
680 2.252480085856976475988701303769293079894e+53
700 1.829119700079314441047516089206724388317e+55
720 1.482500222957839968662123672052125656901e+57
740 1.199386788618346107100864311718992607164e+59
760 9.686634830407115317523716406384124304485e+60
780 7.810347189636946509867399567269413065974e+62
800 6.287580728455287091340108261918418970852e+64
820 5.054084158937506618778184334618839223842e+66
840 4.056718087332996805071684415802006322632e+68
860 3.251671058627740843874069422283069801456e+70
880 2.602927500871206254222973248218964363956e+72
900 2.080961090881451167486145960733567504008e+74
920 1.661627219421411315122996889689526758055e+76
940 1.32522927614362251332121393716199317346e+78
960 1.055735398325566339490353744906827465592e+80
980 8.401242979555276734515501614982274216723e+81
1000 6.678411315499146619784022513852618248402e+83
classical_time
100 0.3825379490619349393104504419086189698732
120 58.71711456892307025355806395896285586202
140 8432.035689610421021261535432019785036518
160 1154083.912723034964785877831603601362092
180 152304313.9199485877589534984293619460273
200 19527198902.18167731925894931866930247943
220 2445418691287.486372636923596414420681647
240 300276790844671.6498999215112054114576924
260 36259987216138358.44492556210894207984567
280 4315743957635509564.755009934116543438261
300 507221312150496523882.3847218849738143691
320 58951214947609783933421.69282726391256117
340 6783763983386316801490890.390775043919943
360 773703027671981023665673407.5023465946759
380 87534532422095412343410723326.79805936289
400 9831187298853698329317673882933.787250542
420 1096808532439670667227503542190641.196626
440 121616819945955987992319826011507495.9329
460 13409257167513171037830737219818896489.72
480 1470783966495615723135975280323435991516.0
500 1.60542469989242245538960379389358890059e+41
520 1.74450998957840859026049707950927971551e+43
540 1.887685857415109442924427322383028568173e+45
560 2.034584469396419471984220906544491616257e+47
580 2.184826163381435098589207630410024897811e+49
600 2.33802272009340242418468516840783505575e+51
620 2.493778863671654494331676559608982555165e+53
640 2.651694906638921811775344298300766129253e+55
660 2.811368715619511841479845801221676635583e+57
680 2.972397712361654370057833324035310113724e+59
700 3.134380808738046285194899248855248564982e+61
720 3.296920135226891294372355112611401190024e+63
740 3.459622674954095419234453762971120552236e+65
760 3.622101849137481032691797355525463149279e+67
780 3.783978937335575838477699506860429993577e+69
800 3.94488431161649027982793897336225765888e+71
820 4.104458682330222192477607856989091984592e+73
840 4.262354139935358326569513278972891109181e+75
860 4.41823511385072648784419540544126308178e+77
880 4.571779220614498674110686461502729387921e+79
900 4.722677994452707253103874071036496532308e+81
920 4.870637537976427189205436071708354864137e+83
940 5.015379035282339070304453191462173058556e+85
960 5.156639212254266122324804513682042251829e+87
980 5.294170675940641153042499927052659241931e+89
1000 5.427742177890833714742151921945085102251e+91
