physical_qubits_baseline
50 212985308.0
60 943450825.6
70 5099774582.1818181818181818181818181818181818181818
80 26088295437.636363636363636363636363636363636363636
90 132525402240.0
100 1108908815629.2307692307692307692307692307692307692
110 5714425425795.3846153846153846153846153846153846154
120 28905448422304.0
130 159793267053120.0
140 815975763347584.0
150 4194047860185200.0
160 33293245430730950.588235294117647058823529411764706
170 168781750816300499.33333333333333333333333333333333
180 915397006518109184.1578947368421052631578947368421
190 4697908619802911399.2105263157894736842105263157895
200 23953061292781071776.0
210 166187724530714197284.0
220 852235640257168346209.71428571428571428571428571429
230 4333579360347686288496.0
240 23322972968447468144108.60869565217391304347826087
250 119068470689629465953144.0
260 610146580577604856801704.0
270 4204163161400046659059014.24
280 21388495323493322963871289.538461538461538461538462
290 114072701042661918372528710.66666666666666666666667
300 584229527320535651242150038.33333333333333333333333
310 2980595073513701532231936832.0
320 19006191910309035774725813483.172413793103448275862
330 97310171892641815203423832170.896551724137931034483
340 495706649855669005612584451440.0
350 2632687398964406047764009114433.6774193548387096774
360 13440117395988714964033121960896.0
370 68788650333265158712017880278464.0
380 440686615628518609589656613311385.45454545454545455
390 2245129185562084236424257708542494.7058823529411765
400 11488487875016368663682402622482206.235294117647059
410 60688834290960646864018719814717258.4
420 309697317256763813262439987069624728.0
430 1882306611193642563189275310135430010.5945945945946
440 9629611443946311761650444385038067236.3243243243243
450 49093060577776318517027116031022522510.315789473684
460 258667428426783112283271572378989337150.76923076923
470 1323105374898058544666807993778158435329.3846153846
480 6754174180933196203166849606702810562960.0
490 41391090868429377490028692025812648884165.756097561
500 211016226696846265335980629438740199459231.42857143
physical_qubits_active
50 21384064.0
60 86675000.0
70 344441400.0
80 1659266200.0
90 12139688160.0
100 62400553056.0
110 437381913304.0
120 2251862212712.0
130 11587025602152.0
140 77827918863872.0
150 400028545163776.0
160 2055179570946560.0
170 13357966394303208.0
180 68576031901741032.0
190 351939025690507080.0
200 2229228598960069600.0
210 11434466855845199200.0
220 58637665382314607200.0
230 363773595397903813848.0
240 1864732264987092117672.0
250 11373704662890485828736.0
260 58282658443234424039040.0
270 298614698544712275877248.0
280 1795338789553027083311128.0
290 9196040945730283056657336.0
300 47098022627999336911214024.0
310 279720677236622217913309664.0
320 1432290071901367036513938720.0
330 7333209816809647634917356128.0
340 43096598229337529468963995800.0
350 220610961564889798806392053800.0
360 1284790908653140788198638655488.0
370 6575763437384570810410809923584.0
380 33653290746772114212229756504064.0
390 194417826499307437033979746475336.0
400 994850032144203775785666084033288.0
410 5090394700394907412710381891691384.0
420 29198874084443903825703641034891936.0
430 149385507082720354627857041482762272.0
440 764234891387468188422028249070998944.0
450 4355966812451881152197055599868091512.0
460 22282206267148372367566654309817836120.0
470 113975335263350082716636355608773233448.0
480 645946126090443151528210362867287510400.0
490 3303769180096228781024987281254661590400.0
500 18628729707286028135600810832156701633496.0
time_baseline
50 2.1264443498858446526328255590742340696523393983191
60 40.754000547945203635256579351133970520775491958412
70 780.43927115429727569328915180197042844060334153071
80 12051.3156970918310122401919667753379516831024256
90 196706.15939988492260552418674550766455135999178718
100 3097064.8862275093727895612298343938608878176448491
110 44146811.931009643002273403254321225129574481071959
120 664158107.55758528501408473755807434779154705193592
130 10501535448.545379752240030125476443533370039518819
140 152463272152.13954342038376110825841308653064826187
150 2048062098086.1154380039713655928153267883796878733
160 28951921463055.452406529801784813582352266277981225
170 405263492173024.01802660423688892150223416451794063
180 5601504150591144.0708447285158210380484517455752128
190 72860646019303517.513333823188432356753744884296456
200 993669974035381797.56515047174859286789141503950109
210 13417372051959393121.516405712336679649059400524269
220 172048193927608603210.38145092441481680752197771599
230 2296228894863903091080.486978992111021477603813278
240 30458308073794189337678.642297347701689481056971622
250 402538297075426951641902.97802069626952714576982155
260 5391831273874339059353843.7366984576933996948414977
270 70504707332002424895326309.58946491841554748306536
280 919426549402540837876977697.74804787693072114043652
290 11917049023037107774484643945.634625380513768326435
300 148358231979212795230607023706.73599417393798017019
310 1914235172145594641793569664316.5366923200440133022
320 24566919197108602901716935274846.839661507458139413
330 303771375242379284987636840792898.73255685068955774
340 3884931525965529684621640374992332.235917546922289
350 49446734340988692329252296616983157.521834518454697
360 628702741419786523490268426461302908.02909743095385
370 7717202986189982765706193826679517240.0004707914674
380 97532581219891862276833509781462283468.463510788587
390 1231835190858466618659711020665519826112.1107530755
400 15052276846086046054375876906661795972657.841004627
410 189082348693191935580931351985198992392388.45401123
420 2374320528972527463962075329188241977100912.0065276
430 29702869708209779403973440864633062698660639.705865
440 361116387029237760643065862850475683063207815.45821
450 4511660668975836895868114978303461046910800523.2173
460 56170511494484301603858171908127866591054893637.705
470 680694485552367847791517577253191573776993737278.1
480 8466443208899003066349904330298345761477993691994.8
490 1.0496072830474258401585327259950365430683974013663e+50
500 1.2992710118844872784146749542563818953986507775563e+51
time_active
50 0.016163365407191074842156982856425845286528622957953
60 0.39870136917714180051339149315678331156828351567651
70 6.9306886241571254740430155122261050126651440503989
80 109.08070941069175446781592137384818067270822092374
90 1955.972356545100364159380632370724741100432228132
100 28332.024079815990959911659160723102353890729913826
110 468065.78585772070337311104382945737475800541740269
120 6509402.1406038018310342175008073964038461720605266
130 89174136.466990340344230200581819878187057523267311
140 1378401272.0493265661554648886549433576526173830236
150 18438969782.139941858646196867732677662162056021425
160 244305065574.4714853513056372184247479233370151232
170 3610947932193.8072801957065947889704314663652771207
180 47088667872505.964786884135798488311273277095143703
190 609987882416293.14480984227597918038047225770419752
200 8727498498567855.4563644149703312399791576795296939
210 111779034045082631.85003254510439406357983610178482
220 1424650223331684381.588815444985485970814507973613
230 19884512267261114237.135266678405237560580748443844
240 251281041608778573562.68650141236830049722718414579
250 3451185698086969680337.7239501072007478777486791873
260 43300320984325879961303.309725625899151992288089789
270 541538939433190743893006.47008867699213385530701856
280 7315547959960252280596734.4436980164407174833793819
290 90972162425656023044104430.334301310116168928750648
300 1128386023651420062254336719.591011467022805093352
310 15036683387755695595577770582.415144980377769544193
320 185647130174032405006736988302.73568069044720025587
330 2287235365749036519318783949700.8211245605068278341
340 30132674830443069720777571089360.12370053217976594
350 369821439204845188465909935065709.10796430723868456
360 4832942196743011377095570959025297.1725494428193743
370 59112678291197692144058763134469155.061588705129084
380 721882338876110324172850138633665526.63126775097441
390 9352621937635805093257016360256865863.704187830272
400 113882357717098374753501620858080377017.81268907001
410 1384825143713250127600102677900775951978.1621452003
420 17807403967293955979715564470814992399761.757503446
430 215999368691721778653186410062410425964035.60912355
440 2616968635872154335986368629266161065982489.2456129
450 33430475317797760504177398349791623733861125.40275
460 404150973443915302306474267695500802389042644.77247
470 4880931513953543408455191343807216349746200451.7664
480 61989026041387013113130666255257183251808354892.171
490 747213306614175879771148096380996805405200869053.65
500 9448745765180187838386653862108345492296548133035.5
reaction_limit
50 1.1813579721588025847960141994856855942512996657328
60 20.377000273972601817628289675566985260387745979206
70 354.7451232519533071333132508190774674730015188776
80 5477.870771405377732836450893988789978037773829818
90 81960.899749952051085635077810628193563066663244659
100 1191178.8023951959126113697037824591772645452480189
110 16979543.050388324231643616636277394280605569643061
120 237199324.12770903036217312055645512421126680426283
130 3500511816.1817932507466767084921478444566798396063
140 47644772547.543607318869925346330754089540827581835
150 640019405651.9110743762410517477547896213686524604
160 8515271018545.721296038176995533406574195964112125
170 112573192270284.4494518345102469226395094901438724
180 1474080039629248.4396959811883739573811715119934771
190 19173854215606188.819298374523271672829932864288541
200 248417493508845449.39128761793714821697285375987527
210 3194612393323665028.9324775505563522973950953629212
220 40963855697049667431.043202601051146858933804218094
230 521870203378159793427.38340431638886851763723029045
240 6621371320390041160364.9222385538481933654471677439
250 83862145224047281592063.120420978389484822035379489
260 1123298182057153970698717.4451455120194582697586454
270 14100941466400484979065261.917892983683109496613072
280 176812797962027084207111095.72077843787129252700702
290 2206860930192056995274934064.0064121075025496900805
300 27473746662817184301964263649.395554476655181512997
310 341827709311713328891708868627.95298077143643094683
320 4235675723639414293399471599111.524079570251403347
330 52374375041789531894420144964292.884923594946475472
340 647488587660921614103606729165388.7059862578203815
350 7975279732417531020847144615642444.7615862126539834
360 98234803346841644295354441634578579.379546473586539
370 1205812966592184807141592785418674568.7500735611668
380 14777663821195736708611137845676103555.827804664937
390 181152233949774502744075150097870562663.54569898169
400 2213570124424418537408217192156146466567.329559504
410 27011764099027419368704478855028427484626.922001604
420 329766740135073258883621573498366941264015.55646217
430 4013901311920240459996410927653116580900086.4467385
440 48799511760707805492306197682496713927460515.602461
450 593639561707346959982646707671508032488263226.73911
460 7201347627497987385110022039503572639878832517.6545
470 87268523788765108691220202211947637663717145804.884
480 1058305401112375383293738041287293220184749211499.3
490 12800088817651534636079667390183372476443870748370.0
500 1.5467512046243896171603273264956927326174414018527e+50
hashing_time
50 0
60 0
70 0
80 0
90 0
100 0
110 0
120 0
130 0
140 0
150 0
160 0
170 0
180 0
190 0
200 0
210 0
220 0
230 0
240 0
250 0
260 0
270 0
280 0
290 0
300 0
310 0
320 0
330 0
340 0
350 0
360 0
370 0
380 0
390 0
400 0
410 0
420 0
430 0
440 0
450 0
460 0
470 0
480 0
490 0
500 0
classical_time
50 0.001680106576610857432775240994419076610857432775241
60 0.078491567342465753424657534246575342465753424657534
70 3.3505581566798579401319127346524606798579401319127
80 133.88220746504312531709791983764586504312531709792
90 5086.4577828566301369863013698630136986301369863014
100 185704.49784894222475900558092338914256722475900558
110 6565149.0420997744755834601725012683916793505834602
120 226005573.44302600068493150684931506849315068493151
130 7608463274.4362244451155029173008625063419583967529
140 251314001490.1195680014205986808726534753932014206
150 8166178409275.3232209033069349315068493150684931507
160 261591064581128.97777333895078640284119736174530695
170 8275244531967999.4210353411882451801116184677828513
180 258890198931350827.70050727269520547945205479452055
190 8019532492137396495.3254321891471809994926433282598
200 246219605414700054801.32942353932014205986808726535
210 7499169264415693819537.6989646648065068493150684932
220 226748705433925672795581.88164199731050228310502283
230 6810806541691261447157848.967621840396689497716895
240 203338393173538121615245421.04447680898630136986301
250 6037016567338408860972888038.3729041217279458396753
260 178318826653965312959496006072.49502732557242516489
270 5242182089417214930250165006058.3464232859606164384
280 153432353004381364087960877722109.04391704924200913
290 4472453245374995977909521254170237.162141455196347
300 129873078473922258268361126253976501.66846002097603
310 3757902543040755348526242704262448349.7443164095018
320 108373521965375450917516146008537992125.12753019207
330 3115597389686266866416001771855621071315.8696955642
340 89306101031868260060244881763054223891791.210549013
350 2552799487786352211145923612787807605313698.9118348
360 72780647231878654990737060263050032069431230.599048
370 2069860304915527255292904623191898456884159630.1911
380 58728561929501896204408164117373541019291541039.245
390 1662622811763813997908015221056003017763238371422.9
400 46970259242231172242317881110123157758400566881473.0
410 1.3242873571608223226503632155276803294673495141693e+51
420 3.726606124859597836729862470984563381697347594704e+52
430 1.0467807070275821570792883413549512566717191183595e+54
440 2.9352504577385861021556732095876135501915592929245e+55
450 8.2170455443313921455182842177900621869191103361662e+56
460 2.2966716192290136895367917650036012760355564536843e+58
470 6.4095030543339036084559556210162805008882904754771e+59
480 1.7861575248769292924397983341968920946060817278292e+61
490 4.9706259685675772071802066149086996297359182610573e+62
500 1.3814104878662799136664356790419769771602662674513e+64
