physical_qubits_baseline
100 101587820.5024986784744444952683274610855
120 142778427.6999403725219901880487285127993
140 223062995.8440572779023795299454784185133
160 406841886.4883325327062148960964867572651
180 959751471.4533593618266879732939888326242
200 2249964888.246176512492960446609455661188
220 5634082707.069271319612148101671034331718
240 14569312966.4206249349625154264209630172
260 38223919385.00291066293309932111412829529
280 161401315513.8808215284374736668548716699
300 427362978525.2111597255773444585738970231
320 1132777996386.294998478950750014030432823
340 3004050258965.984357807634505670186633774
360 7968568565631.804737836532187025731830066
380 22310998250756.82177653852693120396617239
400 59196989277652.0088685990563064494473671
420 157077722136370.0650619719992883812030513
440 416828115471676.8140206607461048278212064
460 1098396067335442.061762812130432036617941
480 4504100620560097.251711862433507193341646
500 11953935445114440.9303324555752306924872
520 31727013886415833.07647274705767684378455
540 84209540798904227.75423658746679808899312
560 233099626426289917.7387053846314679753859
580 618724364217074447.0171413889502256705279
600 1642339520216149764.390172194939060592295
620 4359511392258385682.174049884701653720884
640 5750098461306315708.471917560329497262532
660 5087973250460427926.228652608373005613319
680 5402596761063696281.880958807753224887204
700 5661276099211512006.748346751789742478015
720 5710944186947094214.731050511697091716183
740 5742742947632762998.80788107594312635901
760 5749706083500225897.649896594366356341185
780 5750729991705927817.501016458361881137886
800 5752584039245538245.452774867611940499563
820 5753402751281092861.468260679051766554467
840 5753417761143166241.116991708423739613507
860 5753509871092676904.225422915121942405646
880 5753469755935527357.083518493704052506516
900 5753471720937552121.995933331519585859701
920 5753471406653554795.006201191820993518369
940 5753472479904494409.48558755658433902168
960 5753471840393292286.832411560033650230702
980 5753471544865382042.595358065153908729175
1000 5753471907549201076.816105194287035705807
physical_qubits_active
100 44513861.92175706179754328295633128090545
120 54833857.51851195029707074730235296003257
140 67810234.23551384642946113541791658751874
160 87818908.46560661362412277611581754143271
180 126453490.2505115523821598222828643552715
200 214439932.8129932087026198049986740244087
220 433230370.1072590871909342180358138859879
240 1438261824.987819686064066128228909230879
260 3576757490.172136607657331118031931807751
280 9226784926.72756180626005978809323401508
300 24190819161.73267933103918755485494759813
320 63862226062.4855909764715222256807115042
340 230138830204.4988029701421408111375403309
360 610066920932.5198964442420714963228226516
380 1618085817646.197953459693406776166248534
400 4292777892041.675818810734382561632143527
420 14877155435549.93438988710019157439436964
440 39478025171297.34383621500222080500267438
460 104765464382983.8270533829751827873972403
480 278036883860348.9998645412875083091789172
500 737912382199881.994990239098217102930516
520 2478722812102263.740730087385904938306766
540 6579001672616005.756944371338947303927237
560 17462421066654225.46295792596575346725374
580 46351104416616063.02445744731929514693192
600 123034188256880374.797894718017442897333
620 403195485873615952.6801008725206809709699
640 535141784183289160.0253064272060956037722
660 473520080084506297.0896838165074923790897
680 502801002458422935.1215410709868054804284
700 526875394124526392.0659233831353878527701
720 531497831354870564.0512843659094547897797
740 534457232098484775.691752543131049451746
760 535105267107505605.7375427263253937962946
780 535200558732463059.4230820342821666950103
800 535373108555085334.7094253017786822242497
820 535449303281936943.4591215150350643605833
840 535450700226240275.2086544167914136448122
860 535459272609113852.0451766323985055752114
880 535455539258468563.3395550017407214989778
900 535455722162748757.3751450285267180883854
920 535455692941759329.0838716790899016769073
940 535455792853849188.039607962455499210952
960 535455733365088257.127260266173443483546
980 535455705889663005.9186000991301915988064
1000 535455739671727682.9051749831816692141282
time_baseline
100 143.6443122944394912167186203735019661114
120 11817.44298605625296599942649862799388835
140 1052924.428546015342320203319979981981513
160 86751739.19687185092477661995784120690331
180 7901193760.183562455983054897104730101902
200 653095624503.2492534543151754417386155774
220 53872218936837.10112946214733199496665974
240 4867219550906358.44948798471968973674396
260 430498937825759985.7319282402461405926396
280 38529213175269655180.6435257380092003195
300 3186166542482936148850.648238889730334802
320 266920528102716381401237.6171574353937552
340 23443343288618962000490524.1248863827128
360 1934792360380206429121567804.942828898509
380 171252773163957191430563484939.1190318407
400 14194721098554152638440075575492.54799408
420 1250742892271962708383519646189534.621956
440 103454436585260476461019336460476933.9549
460 8644346137187626672476353008506192014.161
480 749461188951751979664780534318119205049.8
500 6.19932611538624106638367154743386298763e+40
520 5.77133389355894680313894188934669618662e+42
540 4.772718884220467707450393380082931748037e+44
560 4.160474533815533998429326233398277212983e+46
580 3.440602028410669130507697846569281185926e+48
600 2.869144510687812429897751595109707229333e+50
620 2.468553499297562672808121127235444183942e+52
640 1.550590730339550762792806456126339644407e+55
660 1.840389979992448974727755870425415374803e+57
680 2.397223419128096959122049645096502561983e+59
700 3.143304944753553159330931551263048862681e+61
720 4.200775615961590807271075034736426822601e+63
740 5.632683983415720099831067035874560232845e+65
760 7.548102375404857490043727975798318433827e+67
780 1.013189251226008727734902542810588640685e+70
800 1.359944355763129107092211449205952923984e+72
820 1.825513509754903291307976550911742942432e+74
840 2.450415612293821800627350403053575480126e+76
860 3.289324763841474138433570516307615301309e+78
880 4.41551377958630073176139812804603631906e+80
900 5.927305161859197392755490896860995086728e+82
920 7.956768072758062699567892944655974952953e+84
940 1.068116350827537499320343514505764091019e+87
960 1.433847589187748942860602284242706931821e+89
980 1.924818385945700865631150400535988484984e+91
1000 2.583917990072145621222527090585226341605e+93
time_active
100 1.379410260022907875334337408359564516127
120 117.4211278984132768904661919748722254368
140 9694.566146202125729450116951345257261341
160 848866.093198918398146426520239144146623
180 70795729.64063975229828107549772058794309
200 5921813883.326027989124199139207391701185
220 494280271277.6362436859430271253069832497
240 47592784497165.09712483176912561980413584
260 3938283486844992.180322199983249527820995
280 335962370386048658.5414928473991450268074
300 27686076944447545167.02122776909809456476
320 2280599148288788901206.548169828951831183
340 213054073171348029086188.9469851150999116
360 17547105583470161334539122.59012385451507
380 1486448986543274637416634262.408253751799
400 122427424881858212552281761746.7596080173
420 11244306942882064513266492012849.9359781
440 926157971294967377344606367944354.4308426
460 78185487746707944264199540900722910.02742
480 6440191562721454330622660076895032053.181
500 530493475474850918579584636825403015011.4
520 4.809976672701876561743685730772299902435e+40
540 3.962221960460673071139405291602877755169e+42
560 3.335948596666386972853651319785982756155e+44
580 2.748064650076739215776878568965744860714e+46
600 2.263807969637625818771370625203875259823e+48
620 2.031856244099905203126788627584118873461e+50
640 1.288330688589177983733385968348369535887e+53
660 1.526418388381614121968320729293473175264e+55
680 1.988255721742168708289410138408913551428e+57
700 2.607055308929675657445685435501126692745e+59
720 3.484120873988370423577729142362580222874e+61
740 4.671744147173886225562810114284431709602e+63
760 6.260391403568100664237252920409468544403e+65
780 8.40338527008755128242361943921629920467e+67
800 1.127936982978744246060342217776947514619e+70
820 1.514079733284147244548187912634865533018e+72
840 2.032373140760148962975133678746112671693e+74
860 2.72816385410720522236502681309845090592e+76
880 3.662224303446308166292779383330370937255e+78
900 4.916103108962038500827444141349222297023e+80
920 6.599338348749936222567443578084082567409e+82
940 8.858950180058603604740485018085846071459e+84
960 1.189232273132421544417927725429035202715e+87
980 1.596443137878277228171760151430439674679e+89
1000 2.143099927900289527963687638512686269012e+91
reaction_limit
100 73.25310215963755376278438344140717439281
120 6026.187693737004674031177834068160148732
140 536910.0475848373721713357401414755659783
160 44235854.79837038764864358875680579962951
180 3656104524.641914149939196933547782894567
200 302203377590.1311799284354555615016527727
220 24927957080018.81327219981482566861253905
240 2061404487378755.71426388995004082890299
260 182328031122312256.0742927787705904964526
280 15043876066554334388.26483891103459206202
300 1244050585948731573982.350810126566276474
320 102661741577967839000476.0065990136129828
340 8490509588208772286964348.75227463235089
360 700726464229981759678237785.1586677287203
380 57833710950566238970731844081.05349982271
400 4793694033115002631226703289443.087204608
420 395663992843949830149697350908351.0205251
440 32727105475332256599572620829973044.43165
460 2701358167871133335148860315158185004.425
480 222979332606065285546973442186375897298.8
500 1.844420490303319809926537090295862896706e+40
520 1.620649015074269977578756872570881208549e+42
540 1.340227782825015995514464265521819432698e+44
560 1.106178156501443791659315190679945939162e+46
580 9.147799650005635513357312639634320532289e+47
600 7.55038029128371692078355682923607165614e+49
620 6.231950025736333554999586004359760844672e+51
640 3.876476825848876906982016140315849111018e+54
660 4.600974949981122436819389676063538437007e+56
680 5.993058547820242397805124112741256404958e+58
700 7.858262361883882898327328878157622156703e+60
720 1.05019390399039770181776875868410670565e+63
740 1.408170995853930024957766758968640058211e+65
760 1.887025593851214372510931993949579608457e+67
780 2.532973128065021819337256357026471601712e+69
800 3.39986088940782276773052862301488230996e+71
820 4.563783774387258228269941377279357356081e+73
840 6.126039030734554501568376007633938700316e+75
860 8.223311909603685346083926290769038253272e+77
880 1.103878444896575182940349532011509079765e+80
900 1.481826290464799348188872724215248771682e+82
920 1.989192018189515674891973236163993738238e+84
940 2.670290877068843748300858786264410227547e+86
960 3.584618972969372357151505710606767329552e+88
980 4.81204596486425216407787600133997121246e+90
1000 6.459794975180364053056317726463065854013e+92
hashing_time
100 0.00000359115918195928313073863650848319784604
120 0.0001834316782138463602683295675166266760821
140 0.01058841507211148648813689903874614748461
160 0.5303156178649793021241917635107456791402
180 26.38664073886937505794753969442549032334
200 1306.006090820001910483456738390611606008
220 64361.95044292017675362714630174484626544
240 3160422.936475817717201110538402692716758
260 174053990.9184752675452883938680686827363
280 8498221667.860698118649248517889192027154
300 413980883537.4820264156303868266551410889
320 20126260265166.6083371202455822468160176
340 976736555866643.4472643330040798920745708
360 47326858373817059.07907829369085377951554
380 2289944273587066359.419630025532014043149
400 110659756991015237548.2470649227641502622
420 5341387171850568955305.381435141712287
440 257550809493125103663500.866881012403696
460 12406676179752512298010909.75153676098115
480 597125953798124178441204006.4803331391021
500 28716046533520228756767627620.75171068385
520 1533260012212275137586045216741.952958843
540 73628893195674684982170683679489.00805487
560 3533465213712260956747960684622648.39079
580 169469895861798439223686230094680715.4288
600 8123453788936640717359818552411131140.549
620 389189252080656232114868008262325746060.1
640 1.86366157280151049452012167167516491962e+40
660 8.920150762720037073232593859449061831664e+41
680 4.267642091688014043021221110190134639487e+43
700 2.040916136013063370571138862837065844846e+45
720 9.756488550671547072585586727711952844332e+46
740 4.662321035533894802327155009621995817321e+48
760 2.227200943365751508637812121237833325422e+50
780 1.063586756470180402943885163935845792093e+52
800 5.077499140866988986875306248625197854577e+53
820 2.423242201975993814895969289199093159802e+55
840 1.156165370179680661425760605636124015882e+57
860 5.514739131016389644324511168773423697063e+58
880 2.629766573536280378784377575234427041667e+60
900 1.253723062008466806980308156588386590775e+62
920 5.975618567812034761670305445382854976884e+63
940 2.847510399993321831145012053049803903139e+65
960 1.356603879738046467498954054726463414533e+67
980 6.461746471983479961376827813798838969896e+68
1000 3.077226811499689298626539750091133509898e+70
classical_time
100 0.06789796254899909371698026270437910709605
120 10.86270155001767173099334792992740268843
140 1692.554446904526960615429704912513987199
160 258639.181161148153415618233066368983075
180 38936606.93210361934978013603575639619392
200 5792725312.442015245275932027398467655409
220 853562946925.8937308339461527799377216153
240 124776463203185.3553752902982400763931802
260 18118426987365044.87579908891810613944787
280 2615922701820272882.764896435576813105186
300 375823978225614488639.945976665579855018
320 53761681338505230529283.70460720371793385
340 7661508452006170008861057.880870853538332
360 1088165630329201497657459910.072904457613
380 154088866450684163844723343400.3095631854
400 21760831016786202185798774746800.08015172
420 3065637931582488061338174873396154.723408
440 430928240270677531961731018312029667.684
460 60452240705251212014526293782992176698.95
480 8464808250977850749818806708495914658318.0
500 1.183270569523352950931185684908960745273e+42
520 1.651469575674464343804755390785148118849e+44
540 2.301587993695467652004211730393765914395e+46
560 3.203321163430450040702577283166527220304e+48
580 4.452766621614957627393143753991057419296e+50
600 6.182334324726374866990141162276325158909e+52
620 8.574348377930052897114611110021850437414e+54
640 1.187970647156613023727939661826429401928e+57
660 1.644346605548336195625210614623445258162e+59
680 2.273991329027328383814439845725724781257e+61
700 3.142060918343125971079595015335239988212e+63
720 4.338018864182778191239761842670520990244e+65
740 5.984643730061775020051016966395134988202e+67
760 8.250355806736154103074253001203552880875e+69
780 1.136607961674672277806170629760250792208e+72
800 1.564830338746769349542430245183841237558e+74
820 2.153060241237111510386421234472039863701e+76
840 2.960671914241625109375490369978032475519e+78
860 4.068941861320342214771946670417512841566e+80
880 5.589087192748062969227071504466187321331e+82
900 7.673241064148782174051636341431913806838e+84
920 1.052943419619695771551879380196976472677e+87
940 1.444203919674114865643781322245767857051e+89
960 1.979966233737651503790221258263408930319e+91
980 2.713318612235481274926129351300299612258e+93
1000 3.716764416808907672602571270208349303074e+95
