physical_qubits_baseline
100 12236362505.59415533263945459397948054272
120 129701655846.0376821567254713549037889365
140 2299858482428.152099768533952991735637565
160 24930920603816.59675684089982750969431888
180 297956020913547.7922922107165648938375573
200 3313877935695819.119792025180806118546714
220 57682941288302805.82723456007524046445554
240 644582760952698840.0325890216034830829288
260 7740157096450397859.946144067671437952192
280 87731802878265629490.7883554440235016405
300 1357510844093296447097.950357014719074269
320 16211848360807909941251.3787850005836748
340 185618627614739204887942.007287975622373
360 2874916747803273133773876.797750513028729
380 32937565713591202403849180.55411462195047
400 396258232601706931126415408.2228739662786
420 4567493490149273942093078941.024062240741
440 65891497261614708447558378961.48990621704
460 760362741738207986130228785027.2737410577
480 9157901254210696557040024879450.054158482
500 106129278018932373872580797130601.4402399
520 1544953245928131481660586684166643.649939
540 17900284122000183039861934871393179.18302
560 215231060375257770784181913245973725.3212
580 2972045842291753128428314128017419978.003
600 34539441021008952533692392081998882738.15
620 415101049991897654533535514810706010682.8
640 4836368481384572533497099074558490822900.0
660 6.768239483670932538440936044083595958544e+40
680 7.883625332339519834597882416496278432715e+41
700 9.462070672661498668225129161754476113419e+42
720 1.104395795427123343055379497136855752102e+44
740 1.488918569597538561419391001043696250583e+45
760 1.738161707950881752055727990063269390642e+46
780 2.085941129947535962975914631003404571053e+47
800 2.439158520532773448900784484448816168312e+48
820 3.324307974097415813616833035779191297332e+49
840 3.974238202579677318150062656154584076932e+50
860 4.651150361624531334603195363385676890275e+51
880 6.151673097814817201282796635764682376825e+52
900 7.200160340209051384304902989697192073369e+53
920 8.627539954910993169046030881482065247091e+54
940 1.010997564524438745522977380424855553748e+56
960 1.351334155872067448982264335548165775875e+57
980 1.583167865159758107605752337284222500926e+58
1000 1.895379482164485035958354953373936387346e+59
physical_qubits_active
100 801338765.4435193222632725237951262069706
120 11897377225.18975046297114567497220887634
140 129381039532.1719344896292515617650502619
160 1942269612464.300860230849112158942800676
180 21605522030636.14624094461725738778844292
200 316077956610602.2647789711051737579537849
220 3560746306568429.902556343958914717540325
240 51014489039983716.98991788698437369674769
260 579845962827125771.8686627852470253398564
280 8164895568406549022.50240627678208484323
300 93402883977866056150.26565916307195989564
320 1296179383064953246127.534136316064837361
340 17730734578125031457377.24248720961168936
360 204200542421510180168802.6982854914155044
380 2764761544217123001896824.836467620531171
400 31944601107719833473166503.89887225871251
420 428646743629043665349033035.6488945172062
440 4965525855778456926514924593.63314299458
460 66105725228399071438621982378.49172787403
480 767403453369530479059584844978.5050849431
500 10145293193744095485954260842469.37143444
520 117981256819509515253626312438785.56306
540 1550081997552431571708739752740192.094635
560 18052926240795751849689014321112246.03418
580 235870486021562245663178129348672188.5377
600 3064642070334921095282150984181569936.831
620 35757757649983378056032547418973490464.85
640 462533745978201796389441632956000143470.2
660 5402298064755242028770205903300516865237.0
680 6.959745595330599222687584824564121978564e+40
700 8.136137757442612899925011424585692924763e+41
720 1.044305099124211581593833499295181080015e+43
740 1.221790694932706018322514062773641137541e+44
760 1.562910695989179035071430125346404170598e+45
780 1.829827472729506576055271737375404235678e+46
800 2.333425191541068770248882018007836095311e+47
820 2.73365926191922184309209253193322679914e+48
840 3.475995186636372562725304649935196434993e+49
860 4.407004897972083793106398578244750967588e+50
880 5.167206230795552604650089595675368038465e+51
900 6.535186895403202021473655827601925295821e+52
920 7.666258193828337455633212501905746290054e+53
940 9.673791305146274198938356822518908331462e+54
960 1.135314889532061878255856333075327399843e+56
980 1.42957395100981522560544306641909458526e+57
1000 1.678432357901288088481930011101117457365e+58
time_baseline
100 138205.5620827050926804883489384045347624
120 19141799.97177279365434535343156338438697
140 2663871371.571328482701873282568736808139
160 331516757040.372060303933324421173911797
180 39866268600000.07829119867413334042474697
200 4665329271870751.596363884720673687011117
220 532848359095549718.1095194271148470778541
240 59864828336187752513.16552661872707786229
260 7025858898046298747636.560766468318077461
280 766156483632843618019047.1149757105782121
300 82408809526401481761380277.82834903821767
320 9188448849555207593897267625.436816751589
340 967292972739210259419899226454.0107256052
360 101386136343911576561987040575215.6442555
380 10510369793408870631633971297133478.49714
400 1084417846088607090372694783413540966.982
420 111013779590293255946965731582640023024.1
440 1.132322221602838720677886016542095052307e+40
460 1.147086277950597644188799938784463761547e+42
480 1.158761951226699822227570969243330643255e+44
500 1.165550701309095501488525503871909512948e+46
520 1.229406513478245989066270777371368196474e+48
540 1.226733847635657590258278327794891740208e+50
560 1.217851645680990073073100660125546426738e+52
580 1.240691534888944722981513818049453397937e+54
600 1.223207402806333115803562430620043683986e+56
620 1.204589501890265316814089890073588116381e+58
640 1.181238406379299518923057672748216459338e+60
660 1.157357257589554545646453811808994100259e+62
680 1.129508919684967542760559288776882961164e+64
700 1.101665799183311532755220496443240739402e+66
720 1.072261718958880010444172363632713371318e+68
740 1.041571157688762787429866407806355194189e+70
760 1.009850859572351407638302434233553244406e+72
780 9.75826566379958101286531265892325192596e+73
800 9.42804770448828526799366393730248674907e+75
820 9.080219316812627955417653395462008372435e+77
840 8.919975395134292770285837430519812308233e+79
860 8.561659257186181777307672989614146385041e+81
880 8.218670205130296213186804870645130164377e+83
900 7.866943405916961202428417400626622353423e+85
920 7.531864757338882383286137818970443252802e+87
940 7.202081964436209982086174171566296408492e+89
960 6.868357066517568937594791913896274924762e+91
980 6.552284042181082306872443413690129055664e+93
1000 6.234722558441322600937539297569821129093e+95
time_active
100 1239.345677696121851433964191991280381494
120 190228.7679338477397157499534071682008391
140 22701878.42977911368853833808466397933688
160 3035310765.608970835907736320961757641023
180 337813342900.2453604510714630782195185248
200 42002562826643.22246277154523735522830342
220 4487007066740028.586265893228018078969598
240 531207966274190032.2942772950865678211097
260 55200637332180097426.30315491876296521393
280 6305438617554625617065.856357334787888364
300 642248108939949771553308.3664833667365478
320 71379193040317203351411899.1328057210688
340 7811705889396582588429163982.609841264647
360 778735815331712963541404442595.0035154636
380 83627250431874074316030514330239.28129166
400 8247887056890860701639909945734968.823929
420 872034470825391012239372971939384397.9542
440 85257784036005970884580085479719009216.72
460 8897139520974734425391565883572302117142.0
480 8.635646741932850777682336131882397597267e+41
500 8.91212304857353608185972621484263032868e+43
520 8.597248346001720203260576581759735625888e+45
540 8.787856674300287970081099820057602766219e+47
560 8.432939671687139053806062558788404377104e+49
580 8.548234180602168741085519874453848825195e+51
600 8.619414909480901244939318594462622971828e+53
620 8.216870821772695171200007522826874071501e+55
640 8.229548671261274919799169973682973305816e+57
660 7.816001524260977924441658479309122778264e+59
680 7.781161687126873048170785835223932579281e+61
700 7.365788773609350364351764947149557936634e+63
720 7.293578332823612058423491038116838308572e+65
740 6.883947306563662100829576833202922139319e+67
760 6.783460797361005366729251164536134516788e+69
780 6.38560432477731117739454527037407257315e+71
800 6.264785165732778153809349110880889692586e+73
820 5.883327277388925712944329074936258085301e+75
840 5.748952936919631392255152128036329892882e+77
860 5.602755014660911823162267036071472880955e+79
880 5.244989309600355518959392675494949882927e+81
900 5.094023038741275553374256762793139474345e+83
920 4.75979105933593550884059523634394022387e+85
940 4.608157043268717440318490521495497516561e+87
960 4.298396516012316718311286240135661443235e+89
980 4.149298815257843971863056126510819611241e+91
1000 3.864258053152284209434785451493338065998e+93
reaction_limit
100 62820.71003759322394567652224472933398293
120 7975749.988238664022643897263151410161239
140 1024565912.142818647193028185603360310823
160 118398841800.1328786799761872932763970703
180 13288756200000.02609706622471111347491566
200 1457915397459609.873863713975210527190974
220 156720105616338152.3851527726808373758394
240 16629118982274375698.10153517186863273953
260 1848910236327973354641.200201702188967753
280 191539120908210904504761.778743927644553
300 19621145125333686133661970.91151167576611
320 1997488880338088607368971222.921047119911
340 201519369320668804045812338844.5855678344
360 20277227268782315312397408115043.12885109
380 2021224960270936659929609864833361.249451
400 200818119646038350069017552483989067.9596
420 19823889212552367133386737782614289825.73
440 1952279692418687449444631063003612159150.0
460 1.911810463250996073647999897974106269245e+41
480 1.868970889075322293915437047166662327831e+43
500 1.821172970795461721075821099799858613981e+45
520 1.862737141633706044039804208138436661325e+47
540 1.804020364170084691556291658521899617953e+49
560 1.739788065258557247247286657322209181054e+51
580 1.676610182282357733758802456823585672887e+53
600 1.609483424745175152373108461342162742087e+55
620 1.544345515243929893351397294966138610745e+57
640 1.476548007974124398653822090935270574172e+59
660 1.41141128974335920200787050220609036617e+61
680 1.344653475815437550905427724734384477577e+63
700 1.281006743236408759017698251678186906282e+65
720 1.218479226089636375504741322309901558315e+67
740 1.157301286320847541588740453118172437987e+69
760 1.097663977796034138737285254601688309137e+71
780 1.038113368489317129028224750949282119783e+73
800 9.820883025508630487493399934690090363614e+74
820 9.26552991511492648512005448516531466575e+76
840 8.745073916798326245378271990705698341404e+78
860 8.232364670371328632026608643859756139463e+80
880 7.753462457670090767157363085514273739979e+82
900 7.284206857330519631878164259839465142058e+84
920 6.847149779398983984805579835427675684365e+86
940 6.430430325389473198291226938898478936153e+88
960 6.024874619752253454030519222716030635756e+90
980 5.648520726018174402476244322146662979021e+92
1000 5.283663185119764916048762116584594177197e+94
hashing_time
100 7.085411374170156853405176611690333688392
120 1069.477561527743600611766654658012453484
140 148620.9757707061019920366215619405410347
160 19461479.18792346873407493636452369651691
180 2436645351.459620294902020913153085011556
200 294548106701.2990513352239169550256227476
220 34612255884685.10955767154066333347725117
240 3973505129660548.470989206047535440651173
260 447316988328564513.33235079698736308286
280 49523781513651273649.62141150228745633209
300 5404612417384757698335.186824977597360004
320 582464408327118926481199.8237619408262642
340 62084619029898331137200664.7407499847766
360 6553176566439361408896508728.080095712061
380 685691124477603548325676164759.6602360673
400 71186855599417675481486903201584.654675
420 7338298492218911676758792131611804.560347
440 751621418069293357758099143316259980.8678
460 76534533513760824308023158051135694389.19
480 7751492166671772702277382238360835936730.0
500 7.81216957273274946826126236941867755965e+41
520 7.837603681488229547718624606665420985264e+43
540 7.830117323854721777933114369702430329269e+45
560 7.792172619659759654323591384945983994092e+47
580 7.726314204066164454679034482159948502563e+49
600 7.635120610745611806896062596013649058884e+51
620 7.521163223590567524531764328793202011124e+53
640 7.38697215933690905465410774004057602773e+55
660 7.235008423579586445166404361954808213939e+57
680 7.067641684694147894366169540817564813298e+59
700 6.887133028152736255381774419229736745913e+61
720 6.695622082918527050573494158972534773845e+63
740 6.495117948306910765510532981832118468159e+65
760 6.287493391053557457100165659763468690851e+67
780 6.074481826119034896186978947305545307515e+69
800 5.857676639301335336888558246196043529769e+71
820 5.638532453785552975315169120212458054824e+73
840 5.418367985427759404705278334730862675399e+75
860 5.198370172195905119991506492266843628313e+77
880 4.979599301379127570041713061027186265534e+79
900 4.762994893633731540700263682070353674099e+81
920 4.549382135566008319868924293448791573537e+83
940 4.339478682300735898324707019002708523644e+85
960 4.133901678392931644883379350645714274249e+87
980 3.933174869616179328499044097428301481486e+89
1000 3.737735699716868482786127681719641524212e+91
classical_time
100 1144.320725724683026723622816294503842803
120 379939.4692991459369913299982426248872043
140 116327017.5564048205214552856165593516485
160 33631136119.59164781887846855735526283525
180 9314955762818.153589372805100324979994743
200 2495171554098709.022508874226884348896526
220 650631547258956348.198660226166451861516
240 165934629716253303411.4809070003923373416
260 41538184886214665428887.4174562484634375
280 10234305889974378052953787.94893836342449
300 2487211370641824004652489998.301879824351
320 597269922061611527176290303504.3127245457
340 141923612632508757356963995749959.2141782
360 33410351405858933767882697199619834.85286
380 7799791215502247141959261460029954352.545
400 1807288626034455853402600615331971837687.0
420 4.159378482334489582750331445420594556583e+41
440 9.513846180386810939267226323800415203887e+43
460 2.163939937347065782607256235277641970483e+46
480 4.896667454624813541452289389791916892262e+48
500 1.102814369703995693230748302168562670015e+51
520 2.472917828150837075730329658776791889158e+53
540 5.522854954273734305534358628193036638574e+55
560 1.228825521873648856828980102317504113183e+58
580 2.724596862933594442571409570840960475374e+60
600 6.021451155542395718837719318536327723313e+62
620 1.326717700968210139513453447908258862917e+65
640 2.914856860414442624089182132358942399737e+67
660 6.386936890810822269912021107038151977146e+69
680 1.395961190902508147424638211976267384713e+72
700 3.043842114701753809834580344592504522449e+74
720 6.622110642643848537413087708783976987719e+76
740 1.437636442555383854413986616885938745943e+79
760 3.114789147620098066783256598617513987217e+81
780 6.735658002116043033596694322420044407633e+83
800 1.453933953313440661314573776065323180285e+86
820 3.133004648002985376476373005294674440594e+88
840 6.740075953867080606884914271061899601783e+90
860 1.447735144756055700580796475310965959801e+93
880 3.105023812032893617438849440835713802481e+95
900 6.649991551278875452489639429805401335271e+97
920 1.42227821025075833822397354433540070255e+100
940 3.037949590554985074722774425867772638425e+102
960 6.480861972448643291035323919351892267446e+104
980 1.38090369108513313858364522707644916117e+107
1000 2.938957400114921079666110882117571699123e+109
