physical_qubits_baseline
100 1160104960.0
120 1502031488.0
140 1752367488.0
160 2002703488.0
180 2253039488.0
200 2503375488.0
220 2753711488.0
240 3004047488.0
260 3254383488.0
280 3504719488.0
300 3639877632.0
320 6474004844.307692307692307692307692307692
340 6878628795.076923076923076923076923076923
360 7283252745.846153846153846153846153846154
380 7687876696.615384615384615384615384615385
400 8092500647.384615384615384615384615384615
420 8497124598.153846153846153846153846153846
440 8901748548.923076923076923076923076923077
460 9306372499.692307692307692307692307692308
480 9710996450.461538461538461538461538461538
500 10115620401.23076923076923076923076923077
520 10520244352.0
540 10924868302.76923076923076923076923076923
560 10989715968.0
580 12158536320.0
600 12577795200.0
620 12997054080.0
640 13416312960.0
660 13835571840.0
680 14254830720.0
700 14674089600.0
720 15093348480.0
740 15512607360.0
760 15931866240.0
780 16351125120.0
800 16770384000.0
820 17189642880.0
840 17257422848.0
860 28062155090.82352941176470588235294117647
880 28714762488.47058823529411764705882352941
900 29367369886.11764705882352941176470588235
920 30019977283.76470588235294117647058823529
940 30672584681.41176470588235294117647058824
960 31325192079.05882352941176470588235294118
980 31977799476.70588235294117647058823529412
1000 32630406874.35294117647058823529411764706
physical_qubits_active
100 42886400
120 51462400
140 60038400
160 68614400
180 111154176
200 123503616
220 135853056
240 148202496
260 160551936
280 172901376
300 185250816
320 197600256
340 209949696
360 222299136
380 234648576
400 246998016
420 353000704
440 369809664
460 386618624
480 403427584
500 420236544
520 437045504
540 453854464
560 470663424
580 487472384
600 504281344
620 521090304
640 537899264
660 554708224
680 571517184
700 768425984
720 790380544
740 812335104
760 834289664
780 856244224
800 878198784
820 900153344
840 922107904
860 944062464
880 966017024
900 987971584
920 1009926144
940 1031880704
960 1053835264
980 1075789824
1000 1389332736
time_baseline
100 2263.775547198512454637507657656021689538
120 241730.7136546386050936996044429586583984
140 24222354.67057603089114537875589834611571
160 2162656831.634026684578617270343114661268
180 192108539842.4687697738035394306055996377
200 17709626325093.98829713035212328674101631
220 1503585275133564.419457311970781760145964
240 126503188749884531.0709582974323803506669
260 11391812245959366210.67142364470720341989
280 945479434836088712381.85847518078135254
300 79338241716377830490801.97400406617337078
320 6956812643693641584719840.217843323303372
340 569275265403728176899180658.1582636757417
360 46411677157204263408211224775.51090768529
380 3771226777858982798589070851149.325021642
400 305507085584454628402325937378628.7063827
420 25055290995695733839435281978840093.09159
440 2144081252690560120237978687571366684.619
460 172365320220436571037332538010863278387.6
480 1.3826499363997046194406831436973320374e+40
500 1.106863345702052873925765867227361479838e+42
520 9.46608030985959291713152756038794932754e+43
540 7.55022056490956331014279838487885455438e+45
560 6.096743389099165516081178422103448507146e+47
580 5.1260332791636839973950488714516238372e+49
600 4.069334774098773256163392871712252934486e+51
620 3.225946460335386107952375377143089143741e+53
640 2.553961193896031050285926701142592636289e+55
660 2.0194068319743015606215484744082574627e+57
680 1.594822488345760570658617210920274046984e+59
700 1.274585812099025429428184598021185262178e+61
720 1.058296871423039650573992908292399394991e+63
740 8.348189935055601809731760608697620851951e+64
760 6.56483958898442422463664638745292238868e+66
780 5.157515233293677392880481122439872239879e+68
800 4.048166528237387826911516423368567276854e+70
820 3.174632073156395568184915474650494004597e+72
840 2.518075761769267775459597590814089038465e+74
860 2.0706940776805904350772697804749141908e+76
880 1.61989620034545954109567806899183819177e+78
900 1.266278514093449764083296006599010308423e+80
920 9.891304179228729670285156002587497149292e+81
940 7.720953822363788467964676342337823036432e+83
960 6.02270564212940842785197381412811812959e+85
980 4.74919125297867013847389459107748022374e+87
1000 3.875105342220272404987784790393745526696e+89
time_active
100 24.26094940328858219465811631097368410087
120 2397.658383441643226922741303750809102318
140 222046.2886968673256183577453977526015841
160 19825776.23173445446617413555819172809971
180 1927668503.515104548769005470642260663145
200 165580382453.3935172651828444492697258022
220 14445621458272.592944059239996335714185
240 1215391561687084.426977871248988169657282
260 101504039228891948.1351095265032084924415
280 8829933768709237584.774733155142467269128
300 728952781540337955053.3900594313059070651
320 59898020650906104461853.76597340077246724
340 4901484931105498360071038.123364577328931
360 399609843162212808661687809.7922685872058
380 32470879580911452861987398552.81901554231
400 2630479638179017971539448904409.962932069
420 232734251096697046360715319029741.3904597
440 18753898649114149099415381548360163.86247
460 1507654674144442477772585265317743035.449
480 123762969561173515306465712645134337775.5
500 9907723369932023948357585970325885101953.0
520 7.916527069608913707439785801947280160187e+41
540 6.572955153403332664579166729344701103087e+43
560 5.233929593932464740572730708191922892326e+45
580 4.161154609009524324471588818167374525568e+47
600 3.303370011927551186095358475737764620164e+49
620 2.618736622890193537285532504425296337953e+51
640 2.073240914566249981415973412184928780675e+53
660 1.639306115906244953639042406464302859167e+55
680 1.294641984341766645818488884256445884371e+57
700 1.104597062936315987508684065387736354302e+59
720 8.704076378573004492813794381794005047033e+60
740 6.85155108859511953002206532353029966231e+62
760 5.497115949338370567508129037819501404293e+64
780 4.318687930111690954644609129445678961479e+66
800 3.389769529846529519675879095012766216833e+68
820 2.753105206605119364301425859954808741016e+70
840 2.157198836502744312054822899023975406037e+72
860 1.688897189842339193346768754009472172158e+74
880 1.321219158708365334956513099076220854403e+76
900 1.032803232254156529057744608825551209235e+78
920 8.06756124979775192080715624984832129378e+79
940 6.297381681980692434447070724891498266168e+81
960 4.912256460207028546649025699112387414493e+83
980 3.829263360137499163919284391571417900647e+85
1000 3.196084663684469037223648649230873378869e+87
reaction_limit
100 1131.887773599256227318753828828010844769
120 111854.5589532423683528804072948338137572
140 11208247.74132752580654230846905067898635
160 1000710692.077322195309558973413117117219
180 87322063564.75853171536524519572981801715
200 7500515916505.369096840987361152481491319
220 636809917273714.7864055791629888054112384
240 53577590749464994.01275638624508964758417
260 4824744133555347658.13184986500499097487
280 400436401331140762682.4062874303836838366
300 33057600715157429371167.48916836090557116
320 2716313759945378429939895.175201159163453
340 222275676488254226026306358.8367544365017
360 18121614546235338621269043524.01838160743
380 1472489725956927913710983296509.993751447
400 119286394426689179178342079553467.7071801
420 9636650382959897630552031530323112.727535
440 776525178736311485284684542897320839.7647
460 62425810995114063794201825884977616968.12
480 5007564369637764562584586023272604952616.0
500 4.008743866409728543681862109684169054792e+41
520 3.428343298857689875161794368947397925884e+43
540 2.734473745395427774406907960493064881707e+45
560 2.177408353249701970028992293608374466838e+47
580 1.731110756882182343019134946352563397858e+49
600 1.374253505043388249282572611700466503413e+51
620 1.089433157079772888007278536403468981983e+53
640 8.624972673055379793496714273193743596746e+54
660 6.81973116238775060712565970448577266422e+56
680 5.385868983922198413353914701736180828849e+58
700 4.248619373663418098093948660070617540594e+60
720 3.347850116539133110041265297164432740095e+62
740 2.640893032134182029311125809752579378396e+64
760 2.076742295335617761814580995404854943239e+66
780 1.631544819738326011711907442603330974489e+68
800 1.28060991191005031331635178410574322062e+70
820 1.0042732360918401570730020831188220324e+72
840 7.868986755528961798311242471294028245204e+73
860 6.160719370620191493880634455110486805857e+75
880 4.819507626660432694258056481046107592024e+77
900 3.767425934358115174185231006274039624801e+79
920 2.942856210122883710676155111761473621636e+81
940 2.297134583317084196497136810303800564494e+83
960 1.791872576105995139987330975178650546215e+85
980 1.396820956758432393668792526787494183453e+87
1000 1.088169216029612525816883865103927183155e+89
hashing_time
100 0.0008692950413464711629791409745591067251771
120 0.1031237371177329221034445396022539274315
140 11.14042883179746716467627529872825725995
160 1136.61683172829842109237987157219925398
180 111576.8730141573545499885335390385101267
200 10648274.40398638967770130030054970286716
220 994465397.9557113432285550188553547372469
240 91272909414.36452810489496871212895007286
260 8257774255637.59473961955300586524631238
280 738081275829275.4212353245062516495303175
300 65283841367619802.3909280458999127219125
320 5721943369027337044.357851653001738250623
340 497490203107381890413.3194166233539460612
360 42944963479688563108127.23571830892380736
380 3683399824085896100085361.392324272341285
400 314096866574382832123110266.9695735761843
420 26643319954104950687849398406.97622665026
440 2249163644070822168163066368398.521475103
460 189031786291339978743477475103104.9560418
480 15822696463090088699123661084112295.45692
500 1319444311111552772653964400624919964.758
520 109643763873975159259297717494487342786.3
540 9081629516805774982043790226804337084726.0
560 7.499360050318104022044044131935781374876e+41
580 6.175172752361740540597947598899196518617e+43
600 5.071242405899025808920731340286234255311e+45
620 4.154210918033703990026007551594172681706e+47
640 3.394954558401565895616295649034071483117e+49
660 2.768263684466175874259552859420359922942e+51
680 2.252480085856976475988701303769293079894e+53
700 1.829119700079314441047516089206724388317e+55
720 1.482500222957839968662123672052125656901e+57
740 1.199386788618346107100864311718992607164e+59
760 9.686634830407115317523716406384124304485e+60
780 7.810347189636946509867399567269413065974e+62
800 6.287580728455287091340108261918418970852e+64
820 5.054084158937506618778184334618839223842e+66
840 4.056718087332996805071684415802006322632e+68
860 3.251671058627740843874069422283069801456e+70
880 2.602927500871206254222973248218964363956e+72
900 2.080961090881451167486145960733567504008e+74
920 1.661627219421411315122996889689526758055e+76
940 1.32522927614362251332121393716199317346e+78
960 1.055735398325566339490353744906827465592e+80
980 8.401242979555276734515501614982274216723e+81
1000 6.678411315499146619784022513852618248402e+83
classical_time
100 0.3825379490619349393104504419086189698732
120 58.71711456892307025355806395896285586202
140 8432.035689610421021261535432019785036518
160 1154083.912723034964785877831603601362092
180 152304313.9199485877589534984293619460273
200 19527198902.18167731925894931866930247943
220 2445418691287.486372636923596414420681647
240 300276790844671.6498999215112054114576924
260 36259987216138358.44492556210894207984567
280 4315743957635509564.755009934116543438261
300 507221312150496523882.3847218849738143691
320 58951214947609783933421.69282726391256117
340 6783763983386316801490890.390775043919943
360 773703027671981023665673407.5023465946759
380 87534532422095412343410723326.79805936289
400 9831187298853698329317673882933.787250542
420 1096808532439670667227503542190641.196626
440 121616819945955987992319826011507495.9329
460 13409257167513171037830737219818896489.72
480 1470783966495615723135975280323435991516.0
500 1.60542469989242245538960379389358890059e+41
520 1.74450998957840859026049707950927971551e+43
540 1.887685857415109442924427322383028568173e+45
560 2.034584469396419471984220906544491616257e+47
580 2.184826163381435098589207630410024897811e+49
600 2.33802272009340242418468516840783505575e+51
620 2.493778863671654494331676559608982555165e+53
640 2.651694906638921811775344298300766129253e+55
660 2.811368715619511841479845801221676635583e+57
680 2.972397712361654370057833324035310113724e+59
700 3.134380808738046285194899248855248564982e+61
720 3.296920135226891294372355112611401190024e+63
740 3.459622674954095419234453762971120552236e+65
760 3.622101849137481032691797355525463149279e+67
780 3.783978937335575838477699506860429993577e+69
800 3.94488431161649027982793897336225765888e+71
820 4.104458682330222192477607856989091984592e+73
840 4.262354139935358326569513278972891109181e+75
860 4.41823511385072648784419540544126308178e+77
880 4.571779220614498674110686461502729387921e+79
900 4.722677994452707253103874071036496532308e+81
920 4.870637537976427189205436071708354864137e+83
940 5.015379035282339070304453191462173058556e+85
960 5.156639212254266122324804513682042251829e+87
980 5.294170675940641153042499927052659241931e+89
1000 5.427742177890833714742151921945085102251e+91
