physical_qubits_baseline
50 610896768.0
60 733074048.0
70 855251328.0
80 977428608.0
90 1099605888.0
100 1221783168.0
110 1343960448.0
120 1466137728.0
130 1588315008.0
140 1710492288.0
150 1740151040.0
160 1856160256.0
170 1972169472.0
180 2088178688.0
190 2378207488.0
200 2503375488.0
210 2628543488.0
220 2753711488.0
230 2878879488.0
240 3004047488.0
250 3129215488.0
260 3254383488.0
270 3379551488.0
280 3504719488.0
290 3629887488.0
300 3755055488.0
310 3880223488.0
320 4005391488.0
330 4130559488.0
340 4255727488.0
350 4380895488.0
360 4506063488.0
370 4631231488.0
380 4610506752.0
390 4731835392.0
400 4853164032.0
410 4974492672.0
420 5095821312.0
430 8699436573.5384615384615384615384615384615384615385
440 8901748548.9230769230769230769230769230769230769231
450 9104060524.3076923076923076923076923076923076923077
460 9306372499.6923076923076923076923076923076923076923
470 9508684475.0769230769230769230769230769230769230769
480 9710996450.4615384615384615384615384615384615384615
490 9913308425.8461538461538461538461538461538461538462
500 10115620401.230769230769230769230769230769230769231
physical_qubits_active
50 13725696
60 16470016
70 19214336
80 34310400
90 38598400
100 42886400
110 47174400
120 51462400
130 55750400
140 60038400
150 64326400
160 68614400
170 72902400
180 77190400
190 81478400
200 85766400
210 90054400
220 94342400
230 98630400
240 102918400
250 107206400
260 111494400
270 115782400
280 120070400
290 179076096
300 185250816
310 191425536
320 197600256
330 203774976
340 209949696
350 216124416
360 222299136
370 228473856
380 234648576
390 240823296
400 246998016
410 253172736
420 259347456
430 265522176
440 271696896
450 277871616
460 284046336
470 290221056
480 296395776
490 302570496
500 308745216
time_baseline
50 0.0029567521964041094552424761401670019856479448914769
60 0.024262676958904108491109151341436129423950664459719
70 0.22210533643972601734657442652821070384913241566228
80 2.010964109091267032287748246122426004839517985562
90 19.457911980765790595900657708717544381877568112899
100 176.22192409148256432395092016832760904906056954993
110 1595.7131949357165944576316114778544319434637014747
120 14457.057299207040974405776055677291510680188260225
130 141796.84438830273935968076206087363264477531289969
140 1285571.8153118163676879543156756762809595615610284
150 12109301.581722484295321446973510879187506734677051
160 109803481.26637759068472395739087607099755143113502
170 998134402.05413108852260214866125785620844367315367
180 9053124838.2455467506729950168608254626662510661628
190 87253589504.357822606966774730464706797089791345608
200 791438814908.89107698842322369249580008127876264311
210 7179671926930.0329939071305404568248608846625895123
220 65132741486231.860428273033143175047779094048732587
230 590889061256130.81145703676103417580759994939617308
240 5360923056116096.8475474851057478417923765101325069
250 48639506007361139.658574086003397052693272603839708
260 491486671704035289.84313053757291515823853422630717
270 4459511673243666952.1048219781856783414905001729125
280 40464626921708261892.399144366601153244647770573869
290 367176751501584019483.80521732567568873258551197642
300 3331814128531135425664.7312264675804332205059264611
310 31955114357414076581813.179461967239667417059367184
320 289975296854254934983062.12288457606285695698776524
330 2631425542481590623076712.0182929105683615532742732
340 23879568152791735813348664.23405750018734549487339
350 216704458193827609102848373.76863283051202998915969
360 1966590312319556543965800936.8545785975138867676747
370 17847020918384229175365445776.199455300676874529881
380 167173000946660907159613697310.13331119117498319317
390 1517142383426668238671795849432.6101795988951444755
400 13799921957536248447139730331213.159698666914951199
410 125240392494463195241497147852097.62728889044271372
420 1136620900681788537410284452493721.1540957999720201
430 10853765193681336404423826891457525.554374108759307
440 98504887504649275198603085664019649.273387397515072
450 894000576014296895878219666532134105.25686233538819
460 8113728883699104273256905007434094846.654826615557
470 73638614041329310944234813631152232949.706253575079
480 668333186115453535864800497076487677851.59379106561
490 6065723414576634069416573947042675266263.5343397042
500 55052138975197405075775304719251573519567.188335064
time_active
50 0.000033629840131857434981764454646421855342899414635287
60 0.00027602119884864354339212524178099839570981598074888
70 0.0023180775282840291745496080360550081019899723231557
80 0.023124901619365007857094521819184203372087077689792
90 0.20920748608894040973978125170314638622044559100305
100 1.8947422434690574286889474668533227180751899643382
110 17.580292597241667028179340431084419753319171641411
120 159.27544470789762126171448267828485815375268998843
130 1598.5013617392638825368227516605889899467902324495
140 14492.928644710361631744705656388238610697630813589
150 131416.67330344108724638252056748234606924758999895
160 1191659.6809447717553387300735269779375323633022254
170 10805840.487064737383327871613474172178824688281233
180 98012250.989001293261090371718044867611728034467681
190 888981100.17827823315837764011907219698960904367043
200 8063500021.6176983935309145200706662158504896717086
210 73150646042.508719810835452389834226769658426564021
220 663613677978.84194423920400709457436945133205270716
230 6020349524125.5094233717850785535154515923776942727
240 54620857342440.957928567767363553752387642202916744
250 495577418220768.89236419718779882751371369741661127
260 4496559262209590.0982604290332491132135459072642762
270 40799815301589408.031794130814525851582957584754645
280 370210753834017043.37495746467985119622693128097925
290 3632217970217562629.4173781333899567325523596771222
300 32959435737328158826.264172127740264154284915454508
310 299087272023304434842.22364641440727846653271131456
320 2714061691403702868939.1275671907891518165163122697
330 24629312407202631263857.92118045275921873835287257
340 228017661198882420087512.37241386157196128342137925
350 2069241281920127216504552.7772257093241815185191998
360 18778413955344717359191016.909706590584838482204025
370 185393631424037390117002572.39621138833388564572379
380 1682487311322959829265641245.6744727558238069341136
390 15269105203396618133311298188.686746854088997240721
400 138573150746913116809461939496.92323141554018883493
410 1257616816633229854981036751098.026876256104873957
420 11413540940417360123085296433822.653537451021097662
430 103584780846415389946726348675874.69777140666356733
440 940101194431770543761757757294380.98103827334869938
450 8532087480076310216371866994568764.8389379753987538
460 77435332893633823704293302873699286.419659803251657
470 702789736005141477560768794267245932.526460413114
480 6378424434423228366066425518758222757.2552621791808
490 57890064930976459736015916000172409149.399043821098
500 525407950142439357632432005262088140580.06818757905
reaction_limit
50 0.0016426401091133941418013756334261122142488582730427
60 0.01347926497716894916172730630079784967997259136651
70 0.12339185357762556519254134807122816880507356425682
80 1.1172022828284816846043045811791255582441766586456
90 10.107405148687689801372735068642193889155857054218
100 91.537570942188542280887540225435117115540854510525
110 828.85592917470829582603751386829256144640522737295
120 7509.2798350522237850006498841868855765671094371004
130 73652.280897788770925086088624757431967108303906562
140 667753.54909176340189222643139197103363313036548758
150 6054650.7908612421476607234867554395937533673385255
160 54901740.633188795342361978695438035498775715567512
170 499067201.02706554426130107433062892810422183657683
180 4526562419.1227733753364975084304127313331255330814
190 41056243174.863080721653445321509971484247676707284
200 372401803077.44390667469744308200295806574648817746
210 3378310336156.8963782951827125715584125238608311263
220 30647417408788.887272413192080682962964357460837614
230 278035144037982.05336892999467259669678971614965907
240 2522511549980529.0053020605091287614976076966412545
250 22886682261253748.498329406865868602138081704529595
260 223403032592743313.56505933526041598101751555741235
270 2027050760565303160.0476463537207628824956818967784
280 18393012237140119041.999611075727796929385350260849
290 166898523409810917947.18418969348894942390250544383
300 1514460967514152466211.2414665761729241911390574823
310 13742750236168702823581.075940544796337764465026334
320 124707962992365386398134.91528120413422797748379295
330 1131681793935121040364840.7137169298027455734525146
340 10269745814077688821027955.743136688997686175106663
350 93196814246219022552767799.31765274433855043103854
360 845759875199947634139028284.6915272311252192877122
370 7675363307537145787941861722.6333399423627015215784
380 69655417061108711316505707212.555546329656242997153
390 632142659761111766113248270596.92090816620631019814
400 5749967482306770186308220971338.8165411112145629996
410 52183496872692998017290478271707.344703704351130715
420 473592041950745223920951855205717.14753991665500838
430 4298121081375512101257939984211774.8470947294674025
440 39008208548030665584450905020260989.22834311570897
450 354026704686097390464232189228859518.4913793007655
460 3213059112970848907442939606225289845.7443626652659
470 29161095119023102473699334982391018144.590902141173
480 264661792555178545663359288188771597783.15442883904
490 2402043268516768821370625044662079501650.356806549
500 21800799503553634728538733986447463501555.748323281
hashing_time
50 0.00000000010313943163089125364835165430178818323345788503253
60 0.00000000094719334188499143392060825108227553489910302730657
70 0.0000000095298574644568856889128487619887804054417656481618
80 0.000000069209377073682661578835859169695722963853282640622
90 0.00000049971295627105027733986973406238603392799982769925
100 0.0000035911591819592831307386365084831978460404205565183
110 0.000025707676948115868995225835480963236073891410204564
120 0.00018343167821384636026832956751662667608211608069843
130 0.0014916601571260406325423510504781367987838876493418
140 0.010588415072111486488136899038746147484614230492921
150 0.075003716204128496455269193169245566637125800900702
160 0.53031561786497930212419176351074567914018936282905
170 3.7434864116056546138061669221863583645587506231303
180 26.386640738869375057947539694425490323341734822436
190 185.74713949082772691034913239942204301639391644817
200 1306.0060908200019104834567383906116060082622319348
210 9172.7711276513495662245664373204822408262500230641
220 64361.950442920176753627146301744846265441944359367
230 451197.7506893392566271569112703741422416341162134
240 3160422.9364758177172011105384026927167582608344634
250 22120341.411732232863452566521692767120837628122952
260 174053990.91847526754528839386806868273627277400875
270 1216574332.9984621944842511938430241301796930504349
280 8498221667.8606981186492485178891920271537232806291
290 59329396782.285609470259169102027203588079087583759
300 413980883537.48202641563038682665514108894037531468
310 2887178359226.9191534210265661583668880302630898579
320 20126260265166.608337120245582246816017593949786487
330 140236383542444.66303148104032013011256872390142152
340 976736555866643.4472643330040798920745723363664382
350 6800226125142187.5355163574245728787311812890943457
360 47326858373817059.079078293690853779515369331370976
370 329259953912529264.83351959335502693182558129955989
380 2289944273587066359.4196300255320140431655801525941
390 15921095147782398638.069967395393154765845069688769
400 110659756991015237548.24706492276415026090690683753
410 768920576285369538309.04075548042157367236445612455
420 5341387171850568961209.8163884679935162334212655592
430 37094784633361781008478.36731814420247564256326442
440 257550809493125102692762.43248634503376173610392058
450 1787759015368774350261835.5291671826818471535575719
460 12406676179752512210079263.97997002444992271702462
470 86080835595047335716330013.3184045536978549963302
480 597125953798124177809086562.82671455377973735039144
490 4141307945065890136186658379.3906565606094000117994
500 28716040045915144753613149995.506036537240759944578
classical_time
50 0.00000016845908436509022637208571632186018586136774898008
60 0.0000023167350509249501570472256402918089234272389232155
70 0.000031059440110305215744327683123714217662590271609716
80 0.00040858180367917307225071323182583924191419799111687
90 0.005297454817320077648500087738307876360198225297504
100 0.067897962548999093716980262704379107096050445639226
110 0.86214878142509762439862715347710407278037456499879
120 10.86270155001767173099334792992740268842543864209
130 135.97339646069959519849328486796495909922577996512
140 1692.5544469045269606154297049125139871985242108079
150 20966.891341758258529544353179659003234477716418533
160 258639.18116114815341561823306636898307499143388501
170 3178643.7926131074327611373192107962151326703981128
180 38936606.932103619349780136035756396193917721844843
190 475549134.09574607324194157777203168068758555621129
200 5792725312.4420152452759320273984676554085480888796
210 70393284921.725010753148248001371434079637573539858
220 853562946925.89373083394615277993772161526469750372
230 10329483604847.233755916226252304173914421504132472
240 124776463203185.35537529029824007639318020559170743
250 1504739269541486.8444085807996127697978012863440132
260 18118426987365044.87579908891810613944786795359911
270 217851331733074224.59892680689883904765507968617471
280 2615922701820272882.7648964355768131051862440423686
290 31372879906947524306.595298028020544837538295471325
300 375823978225614488639.94597666557985501806446611069
310 4497255280107848199339.0088314379672127351388658719
320 53761681338505230529283.70460720371793379949277172
330 642076840894385401303857.17194174401555406081254682
340 7661508452006170008861057.8808708535383553411691095
350 91343331520661903116654957.726800805254615997264443
360 1088165630329201497657459910.0729044576045848019782
370 12953508531050018567516723235.30749914430130900129
380 154088866450684163844723343400.30956318764749058357
390 1831733944129210279010200349435.7347428277621903849
400 21760831016786202185798774746800.080151226494167862
410 258359297407340083402669968687728.71884929526483281
420 3065637931582488064726968678284731.7507925093412655
430 36356118074679561958659298094407829.451410730561995
440 430928240270677530337513233401620028.26325262177198
450 5105207648805025827790619459458103165.3444452889551
460 60452240705251211586074310449477471836.419438902292
470 715502001516110993888092477415141325885.96394194903
480 8464808250977850740857961984544834901983.0579436624
490 100101150374033881767548868940342352203807.78971255
500 1183270302195740369229525082550469508959902.998688
