physical_qubits_baseline
100 683244572592.0
120 28905448422304.0
140 821752004844060.0
160 33293245430730950.58823529411764705882353
180 866477914791438280.6666666666666666666667
200 5988265323717545144.0
220 6429201169427788444.571428571428571428571
240 6491231178134723109.591532732261858094865
260 5742386043690126674.457760054929093934032
280 5742414473979028729.915855508239028672474
300 5742527447614594036.95941162813179363238
320 5742428864113428389.823769290483349773008
340 5742444323562263626.851319239351536371464
360 5742460814190937833.913311240169998195986
380 5742431097644490901.911468540122110493322
400 5742425469947277166.424587972600536889712
420 5742443543170943241.057145002929257677844
440 5742424030864387775.145219875005709581143
460 5742457792479946271.417434869973545778641
480 5742466773874677576.164195871393524680344
500 5742415153359085681.309611911554249593367
520 5114471953317596102.330410185829388094799
540 5114447165836902452.663668320544127599684
560 5114459905371986752.184446962343542826063
580 5114466096999997056.087305895565512835564
600 5114475635200197178.652269871157409057118
620 5114456980956296486.791058787867814585218
640 5114481758857999082.042063780474611506525
660 5114471296326691630.687293018039911690773
680 5114481083168197384.705343613068734245873
700 5114472665426972016.575416798627060004214
720 5114475704744058190.515016582448748702441
740 5114477479367380041.770024126208983220413
760 5114450698064269438.107454852888652897396
780 5114445452360282005.470315074621353671525
800 5114470259804374666.389344537347358540889
820 5114484085944974566.445577627405159621919
840 5114458958708163402.354922230480544535259
860 5114449550782518254.724800282319580396764
880 5114469278493177430.342665573321324805857
900 5114451501710801695.783737518149570099108
920 5114464414286882899.700880069488946253198
940 5114471795427841912.44302597258857690059
960 5114477105891718414.126503267722757631538
980 5114455250052475573.500416474454428468003
1000 5114456289978840545.095510622370759319355
physical_qubits_active
100 62400553056.0
120 2251862212712.0
140 59587000380152.0
160 2055179570946560.0
180 68576031901741032.0
200 557307150001156000.0
220 598343524688425355.1020408163265306122449
240 604116443163195069.8549588396707173657389
260 534424015602457004.23059656164998547548
280 534426661539485201.108967474010146921589
300 534437175633485315.3056688346330194166943
320 534428000836212190.3977449316410748974414
340 534429439622001037.0266467416799940783121
360 534430974376132272.6769019302159142108875
380 534428208788232690.3593735263026626796949
400 534427685066245922.9804176800931165090471
420 534429367107021352.9136477434089583692735
440 534427551192448105.2717747673341749261185
460 534430693297615570.7228883080477939300736
480 534431529193306331.5183058046899511103158
500 534426725078729693.5606898009822475191593
520 475986222543874071.5058548334880770679199
540 475983915687082286.5205833709208122475276
560 475985101339902223.19073494298218174277
580 475985677601649661.4320433592894846752502
600 475986565317300293.592579792569326110481
620 475984829259651641.0228998406577770670282
640 475987135281631028.2030771317333281997697
660 475986161598351220.724736437230331474246
680 475987072454188510.0702972185266388316308
700 475986289072451939.7464324614822764080236
720 475986571959520538.5309461686783386414556
740 475986737145913071.9190343533000449716532
760 475984244730962426.6270316289333320518749
780 475983756559764519.4481447254184600904165
800 475986065331152009.5290222929127369512228
820 475987352110590429.2643627387068552463396
840 475985013633871467.5062747538837174997915
860 475984138099094433.7575430695504495483262
880 475985974117254051.7768883735059399540118
900 475984319721915772.1529769677198296974507
920 475985521479063014.9558752973000415312423
940 475986208444667941.2231759862809285156435
960 475986702699516002.8037694990900658568207
980 475984668680458122.8013416914336368979062
1000 475984765491145036.8632397042690329752773
time_baseline
100 1155455.231729452002507989611529361476825
120 268434890.5868682618254170888586068933012
140 57770062664.45507365976818723626158834119
160 11701559704060.67510605574331953163341771
180 2144815270074004.12445857184721932418304
200 14927410769819514584.80494627792766958536
220 12061074321630110484619.18216769115331235
240 9867041922626569052140744.419843103081113
260 9030556358184042469602016856.499313697042
280 7215202034306089006526854486809.389705667
300 5700109398346667627730372385594681.690696
320 4459254379515991302676283710576407512.207
340 3458522981367758357894330953593583961002.0
360 2.661958268755052401888176410035524520738e+42
380 2.034954597490331798044987215829271345396e+45
400 1.54615180708220185196868709755533385878e+48
420 1.168295452457394720386973296505602120438e+51
440 8.783785243708659200330981087613879182183e+53
460 6.57398965816864171496754301236378656621e+56
480 4.899662041008424260742727125662658959233e+59
500 3.637829173947631587099141691768124572053e+62
520 3.021892085746336986595371329784510132815e+65
540 2.228458254427321214334107922447552101567e+68
560 1.638379665108993810276339550655135125393e+71
580 1.201166453209431833964272621282232626769e+74
600 8.783201968745477603572985143010115332277e+76
620 6.406777054324483938153734209527761663896e+79
640 4.662597861312707872868154656777938288063e+82
660 3.385966039110313400745566846288783212422e+85
680 2.453900867751378452277826326880778109324e+88
700 1.775022366313224721310207762664029704037e+91
720 1.281647117014520237655925957797191224678e+94
740 9.238347617768778320995198746647960316673e+96
760 6.648472948433479092818688784360872911789e+99
780 4.777332813924692518857516757203849837554e+102
800 3.427822249693892575480288821314585838729e+105
820 2.456140053767323705841337193021842525904e+108
840 1.757599952279940843191352300400440174295e+111
860 1.256155759453163613973323676503915557751e+114
880 8.967015100446911857018595909421605849582e+116
900 6.393804592893839921178779146396252707124e+119
920 4.554038668599398120069894132971974033354e+122
940 3.240274778914161928141421562714323370005e+125
960 2.303210569300813510371147280580311713226e+128
980 1.635577277252144193611721024765630646102e+131
1000 1.160402819075947578628511899570775703784e+134
time_active
100 11450.9766091520021613067688636010684009
120 2630925.726141805759833335262353944776953
140 487472414.1082761159838522174629444474209
160 98741298206.13422742477075947055145543203
180 19031925597509.91466551442827172690265695
200 131645110288301929.6639460238854102007537
220 106366836401943177890.4603385144422477623
240 87017624296891019622242.43916003637318638
260 74892835160183614889523432.13354761872108
280 59837613006075087676104650565.42560815902
300 47272541869397755609311091187824.51459322
320 36981797124520252953706656026892514.58656
340 28682462214331545138935947990817895885.75
360 2.207633659493099239803733501298133135213e+40
380 1.687642634217542447160875785079631331019e+43
400 1.28226532020117537545157796711867382326e+46
420 9.688988723741521073009731740321586212197e+48
440 7.284629585533010445756259243576461798278e+51
460 5.451986612731434722545296893494713942708e+54
480 4.063421642395425546139762438993410385e+57
500 3.016949673814998133493384951361958726925e+60
520 2.365137860478108107705591175861416964524e+63
540 1.744142688869818591348673608116901807978e+66
560 1.282307132630179501092893386485754427816e+69
580 9.401143966744907389951222012393931188976e+71
600 6.874330029319729935771880588861925291393e+74
620 5.014378588959957702454028299951774097174e+77
640 3.649265564551844261718049165537595318573e+80
660 2.650086847823663865035224647836339100712e+83
680 1.92058937987331138692462746437694268743e+86
700 1.389252985112098694568689913311112579095e+89
720 1.003104026698008340845502295878939482836e+92
740 7.230557906432725941500670639682743204671e+94
760 5.203546200115508309667644806116193923366e+97
780 3.739064925550334879928125020091092281032e+100
800 2.682846358782124099495681343056479864293e+103
820 1.9223419184967457378902798347548241793e+106
840 1.375617021084757457431114717352693613731e+109
860 9.831527598486210050451846735865126605392e+111
880 7.018194660210045577578380881678333975862e+114
900 5.00422545835853724483985693823156117156e+117
920 3.564299770516601423130406410459213298436e+120
940 2.536058977767785432018973106880900788368e+123
960 1.802648923427113138423505581454184982644e+126
980 1.280113793000296134849818813548207014661e+129
1000 9.082100092474421472286412886784608953154e+131
reaction_limit
100 481439.679887271667711662338137233948677
120 95869603.78102437922336324602093103332187
140 19256687554.81835788658939574542052944706
160 3441635207076.669148839924505744598064033
180 595782019465001.1456829366242275900508444
200 3731852692454878646.201236569481917396341
220 3015268580407527621154.795541922788328088
240 2466760480656642263035186.104960775770278
260 2257639089546010617400504214.124828424261
280 1803800508576522251631713621702.347426417
300 1425027349586666906932593096398670.422674
320 1114813594878997825669070927644101878.052
340 864630745341939589473582738398395990250.4
360 6.654895671887631004720441025088811301844e+41
380 5.087386493725829495112468039573178363491e+44
400 3.86537951770550462992171774388833464695e+47
420 2.920738631143486800967433241264005301095e+50
440 2.195946310927164800082745271903469795546e+53
460 1.643497414542160428741885753090946641553e+56
480 1.224915510252106065185681781415664739808e+59
500 9.094572934869078967747854229420311430132e+61
520 7.554730214365842466488428324461275332037e+64
540 5.571145636068303035835269806118880253918e+67
560 4.095949162772484525690848876637837813483e+70
580 3.002916133023579584910681553205581566923e+73
600 2.195800492186369400893246285752528833069e+76
620 1.601694263581120984538433552381940415974e+79
640 1.165649465328176968217038664194484572016e+82
660 8.464915097775783501863917115721958031054e+84
680 6.134752169378446130694565817201945273311e+87
700 4.437555915783061803275519406660074260093e+90
720 3.204117792536300594139814894492978061695e+93
740 2.309586904442194580248799686661990079168e+96
760 1.662118237108369773204672196090218227947e+99
780 1.194333203481173129714379189300962459388e+102
800 8.569555624234731438700722053286464596822e+104
820 6.140350134418309264603342982554606314761e+107
840 4.393999880699852107978380751001100435738e+110
860 3.140389398632909034933309191259788894378e+113
880 2.241753775111727964254648977355401462396e+116
900 1.598451148223459980294694786599063176781e+119
920 1.138509667149849530017473533242993508338e+122
940 8.100686947285404820353553906785808425013e+124
960 5.758026423252033775927868201450779283066e+127
980 4.088943193130360484029302561914076615254e+130
1000 2.901007047689868946571279748926939259459e+133
hashing_time
100 0
120 0
140 0
160 0
180 0
200 0
220 0
240 0
260 0
280 0
300 0
320 0
340 0
360 0
380 0
400 0
420 0
440 0
460 0
480 0
500 0
520 0
540 0
560 0
580 0
600 0
620 0
640 0
660 0
680 0
700 0
720 0
740 0
760 0
780 0
800 0
820 0
840 0
860 0
880 0
900 0
920 0
940 0
960 0
980 0
1000 0
classical_time
100 185704.4978489422247590055809233891425672
120 226005573.4430260006849315068493150684932
140 251314001490.1195680014205986808726534754
160 261591064581128.9777733389507864028411974
180 258890198931350827.7005072726952054794521
200 246219605414700054801.3294235393201420599
220 226748705433925672795581.8816419973105023
240 203338393173538121615245421.0444768089863
260 178318826653965312959496006072.4950273256
280 153432353004381364087960877722109.043917
300 129873078473922258268361126253976501.6685
320 108373521965375450917516146008537992125.1
340 8.930610103186826006024488176305422389179e+40
360 7.278064723187865499073706026305003206943e+43
380 5.872856192950189620440816411737354101929e+46
400 4.69702592422311722423178811101231577584e+49
420 3.726606124859597836729862470984563381697e+52
440 2.935250457738586102155673209587613550192e+55
460 2.296671619229013689536791765003601276036e+58
480 1.786157524876929292439798334196892094606e+61
500 1.38141048786627991366643567904197697716e+64
520 1.062912684988286276674119720536614751789e+67
540 8.139776972430111529209254973900613008953e+69
560 6.206079856776514272524976708162682562462e+72
580 4.712444348225324323655745902427137396629e+75
600 3.564671971028426231883800693668308744547e+78
620 2.686865706035637701376088175177728072606e+81
640 2.018476259240279399658206787109995137666e+84
660 1.511617115262597243985745866881878676385e+87
680 1.128708016070114734109506467456629928448e+90
700 8.404602833507088065111837640366566122216e+92
720 6.241894380738404754539924864720909900943e+95
740 4.624252597114085349076906118598311124376e+98
760 3.417825540358069015972991223505378151607e+101
780 2.520543924793650080170281016988502680234e+104
800 1.85491282288208716547403240897339856032e+107
820 1.362331473814356343773960642713549719029e+110
840 9.986517369631723481049400324456438030952e+112
860 7.307289086303476712751125200919058942411e+115
880 5.337596683325649452496731784620750978516e+118
900 3.892389527764527649371709823965953309912e+121
920 2.833997847314014251560608803119047173074e+124
940 2.060274001145502155276405644251240500834e+127
960 1.495616996376372642229863062187599144736e+130
980 1.084205808812521716475929313985695328645e+133
1000 7.849164035115297419664201598031849823328e+135
