physical_qubits_baseline
100 101587820.5024986784744444952683274610855
120 142778427.6999403725219901880487285127993
140 223062995.8440572779023795299454784185133
160 406841886.4883325327062148960964867572651
180 959751471.4533593618266879732939888326242
200 2249964888.246176512492960446609455661188
220 5634082707.069271319612148101671034331718
240 14569312966.4206249349625154264209630172
260 38223919385.00291066293309932111412829529
280 161401315513.8808215284374736668548716699
300 427362978525.2111597255773444585738970231
320 1132777996386.294998478950750014030432823
340 3004050258965.984357807634505670186633774
360 7968568565631.804737836532187025731830066
380 22310998250756.82177653852693120396617239
400 59196989277652.0088685990563064494473671
420 157077722136370.0650619719992883812030513
440 416828115471676.8140206607461048278212064
460 1098396067335442.061762812130432036617941
480 4504100620560097.251711862433507193341646
500 11953935445114440.9303324555752306924872
520 31727013886415833.07647274705767684378455
540 84209540798904227.75423658746679808899312
560 233099626426289917.7387053846314679753859
580 618724364217074447.0171413889502256705279
600 1642339520216149764.390172194939060592295
620 4359511392258385682.174049884701653720884
640 11572335440792673061.05514123048434254428
660 41292642028852761418.42432052736943364369
680 109615107575139049643.8452529489716912109
700 290987634411143099979.2373496122839747865
720 772475149859167750480.6791882387593810745
740 2033844924417743650072.422797732620825652
760 5668785950311719742125.205690235899371718
780 15049257061031863315291.31439460438225723
800 39952535708818048491311.66495921073241488
820 106066348593892628426794.1622371742854215
840 377218231191226893247969.6322269342651102
860 1001458844394962713783107.813092277296266
880 2658745485942373166157267.254421272842508
900 7058679171416468194712427.255198855744186
920 18740145018707450991466595.33442789276184
940 51447202321537340773328509.73385599590582
960 136589215075509341898653852.0996613439497
980 362638072494297811840586537.8259406421871
1000 962792262202507615814065242.6066153971927
physical_qubits_active
100 44513861.92175706179754328295633128090545
120 54833857.51851195029707074730235296003257
140 67810234.23551384642946113541791658751874
160 87818908.46560661362412277611581754143271
180 126453490.2505115523821598222828643552715
200 214439932.8129932087026198049986740244087
220 433230370.1072590871909342180358138859879
240 1438261824.987819686064066128228909230879
260 3576757490.172136607657331118031931807751
280 9226784926.72756180626005978809323401508
300 24190819161.73267933103918755485494759813
320 63862226062.4855909764715222256807115042
340 230138830204.4988029701421408111375403309
360 610066920932.5198964442420714963228226516
380 1618085817646.197953459693406776166248534
400 4292777892041.675818810734382561632143527
420 14877155435549.93438988710019157439436964
440 39478025171297.34383621500222080500267438
460 104765464382983.8270533829751827873972403
480 278036883860348.9998645412875083091789172
500 737912382199881.994990239098217102930516
520 2478722812102263.740730087385904938306766
540 6579001672616005.756944371338947303927237
560 17462421066654225.46295792596575346725374
580 46351104416616063.02445744731929514693192
600 123034188256880374.797894718017442897333
620 403195485873615952.6801008725206809709699
640 1070283567252441520.050612854412191207544
660 2841120474762273782.538102899044954274538
680 7542015020303580826.823116064802082206426
700 24225730567289682011.19115715656513347037
720 64311237443794456418.20540827504402956335
740 170727017811590744482.9734323777824368657
760 453234160121049336147.6986891976085454615
780 1203227189080103282797.784567832481520388
800 3801491699643775182891.133674821782148796
820 10092234113243141677252.47577482329867857
840 26793181917143617128228.76655388215915075
860 71131951697221178159143.15395651878830713
880 188846258176005010885671.0789187235070837
900 588408955473812083453604.424694482785873
920 1562171744614456169137533.544234035334993
940 4147447853585842627093863.702670688778423
960 11011223571446635711892397.13971371938359
980 33904858462483270587987751.78324731160403
1000 90016294081376109473910192.76010134250164
time_baseline
100 143.6443122944394912167186203735019661114
120 11817.44298605625296599942649862799388835
140 1052924.428546015342320203319979981981513
160 86751739.19687185092477661995784120690331
180 7901193760.183562455983054897104730101902
200 653095624503.2492534543151754417386155774
220 53872218936837.10112946214733199496665974
240 4867219550906358.44948798471968973674396
260 430498937825759985.7319282402461405926396
280 38529213175269655180.6435257380092003195
300 3186166542482936148850.648238889730334802
320 266920528102716381401237.6171574353937552
340 23443343288618962000490524.1248863827128
360 1934792360380206429121567804.942828898509
380 171252773163957191430563484939.1190318407
400 14194721098554152638440075575492.54799408
420 1250742892271962708383519646189534.621956
440 103454436585260476461019336460476933.9549
460 8644346137187626672476353008506192014.161
480 749461188951751979664780534318119205049.8
500 6.19932611538624106638367154743386298763e+40
520 5.77133389355894680313894188934669618662e+42
540 4.772718884220467707450393380082931748037e+44
560 4.160474533815533998429326233398277212983e+46
580 3.440602028410669130507697846569281185926e+48
600 2.869144510687812429897751595109707229333e+50
620 2.468553499297562672808121127235444183942e+52
640 2.041432089362528006104164542777356633936e+54
660 1.770049556160530072676872915413031109178e+56
680 1.463778967506583668093206123244475129323e+58
700 1.266261625245295200676594932073666148408e+60
720 1.045165277218010018214371357244494750023e+62
740 8.720177832299748514724989726418741191459e+63
760 7.461166390631734598238858994583778439671e+65
780 6.170047096873035680496862581446103292457e+67
800 5.316036186927664335991752536327125785889e+69
820 4.387834382097212690655121760817955638766e+71
840 3.78090935344809620937131246105800587448e+73
860 3.126564370836546522283472948879993798399e+75
880 2.605696483133642295401114629790246864515e+77
900 2.22001896855115749597532935144972786936e+79
920 1.832377793518101998041896038913343016936e+81
940 1.573930643115730272166965076610119051929e+83
960 1.299098430089702249663790321810538717575e+85
980 1.114298086398186884961559977452217445713e+87
1000 9.197202223358391827064657392324202087782e+88
time_active
100 1.379410260022907875334337408359564516127
120 117.4211278984132768904661919748722254368
140 9694.566146202125729450116951345257261341
160 848866.093198918398146426520239144146623
180 70795729.64063975229828107549772058794309
200 5921813883.326027989124199139207391701185
220 494280271277.6362436859430271253069832497
240 47592784497165.09712483176912561980413584
260 3938283486844992.180322199983249527820995
280 335962370386048658.5414928473991450268074
300 27686076944447545167.02122776909809456476
320 2280599148288788901206.548169828951831183
340 213054073171348029086188.9469851150999116
360 17547105583470161334539122.59012385451507
380 1486448986543274637416634262.408253751799
400 122427424881858212552281761746.7596080173
420 11244306942882064513266492012849.9359781
440 926157971294967377344606367944354.4308426
460 78185487746707944264199540900722910.02742
480 6440191562721454330622660076895032053.181
500 530493475474850918579584636825403015011.4
520 4.809976672701876561743685730772299902435e+40
540 3.962221960460673071139405291602877755169e+42
560 3.335948596666386972853651319785982756155e+44
580 2.748064650076739215776878568965744860714e+46
600 2.263807969637625818771370625203875259823e+48
620 2.031856244099905203126788627584118873461e+50
640 1.673841580922102066009557651872805939812e+52
660 1.406244486548875646409710326486271996838e+54
680 1.158482506215319782265190431630767505619e+56
700 1.03127455304816265280267948650672866242e+58
720 8.495893674183879367307957964010255427494e+59
740 7.12502244580433757045285368354142018549e+61
760 5.869839179158357503070447061072346822048e+63
780 4.835801649696109735715212095908291165148e+65
800 4.27574729640453012726063643660802030723e+67
820 3.522560332411662023814467855518343794043e+69
840 2.949824194214755173350457965743861201925e+71
860 2.430222989201554682529802571549782449956e+73
880 2.002155156067817614720012536939046661838e+75
900 1.760244472288608373845420247012793744873e+77
920 1.450198717814278829311723729410817673846e+79
940 1.212895350866906007085568480627579656541e+81
960 9.99264433530447768317002509761431859766e+82
980 8.742866402607018798909651149038137517492e+84
1000 7.202996675865579736278981520432410923312e+86
reaction_limit
100 73.25310215963755376278438344140717439281
120 6026.187693737004674031177834068160148732
140 536910.0475848373721713357401414755659783
160 44235854.79837038764864358875680579962951
180 3656104524.641914149939196933547782894567
200 302203377590.1311799284354555615016527727
220 24927957080018.81327219981482566861253905
240 2061404487378755.71426388995004082890299
260 182328031122312256.0742927787705904964526
280 15043876066554334388.26483891103459206202
300 1244050585948731573982.350810126566276474
320 102661741577967839000476.0065990136129828
340 8490509588208772286964348.75227463235089
360 700726464229981759678237785.1586677287203
380 57833710950566238970731844081.05349982271
400 4793694033115002631226703289443.087204608
420 395663992843949830149697350908351.0205251
440 32727105475332256599572620829973044.43165
460 2701358167871133335148860315158185004.425
480 222979332606065285546973442186375897298.8
500 1.844420490303319809926537090295862896706e+40
520 1.620649015074269977578756872570881208549e+42
540 1.340227782825015995514464265521819432698e+44
560 1.106178156501443791659315190679945939162e+46
580 9.147799650005635513357312639634320532289e+47
600 7.55038029128371692078355682923607165614e+49
620 6.231950025736333554999586004359760844672e+51
640 5.15366694702944307430716933227312109833e+53
660 4.253776049286566407429586261060193778203e+55
680 3.517747741136934932129059557844939239595e+57
700 2.903520271564848349807982163313290216488e+59
720 2.396549409123371155961339391176038195011e+61
740 1.981858598249942844255679483276986634422e+63
760 1.635816911981340095320505623592803210707e+65
780 1.352746572977130013951592553551191403517e+67
800 1.116550274598721261356552734757084836775e+69
820 9.215959943703725444405267319653411193474e+70
840 7.621071372424710311049257066407831240344e+72
860 6.30212674551074914939119896849130872999e+74
880 5.211392966267284590802229259580493729031e+76
900 4.301423781904094628361528972183206104433e+78
920 3.55034505973946743064157461147336179389e+80
940 2.935821036648075179592634203061355951292e+82
960 2.423182049063488160198251568611220076689e+84
980 2.003727436845037209277316131564478605768e+86
1000 1.653838104470822146576197231596559258208e+88
hashing_time
100 0.00000359115918195928313073863650848319784604
120 0.0001834316782138463602683295675166266760821
140 0.01058841507211148648813689903874614748461
160 0.5303156178649793021241917635107456791402
180 26.38664073886937505794753969442549032334
200 1306.006090820001910483456738390611606008
220 64361.95044292017675362714630174484626544
240 3160422.936475817717201110538402692716758
260 174053990.9184752675452883938680686827363
280 8498221667.860698118649248517889192027154
300 413980883537.4820264156303868266551410889
320 20126260265166.6083371202455822468160176
340 976736555866643.4472643330040798920745708
360 47326858373817059.07907829369085377951554
380 2289944273587066359.419630025532014043149
400 110659756991015237548.2470649227641502622
420 5341387171850568955305.381435141712287
440 257550809493125103663500.866881012403696
460 12406676179752512298010909.75153676098115
480 597125953798124178441204006.4803331391021
500 28716046533520228756767627620.75171068385
520 1533260012212275137586045216741.952958843
540 73628893195674684982170683679489.00805487
560 3533465213712260956747960684622648.39079
580 169469895861798439223686230094680715.4288
600 8123453788936640717359818552411131140.549
620 389189252080656232114868008262325746060.1
640 1.86366157280151049452012167167516491962e+40
660 8.920150762720037073232593859449061831664e+41
680 4.267642091688014043021221110190134639487e+43
700 2.040916136013063370571138862837065844846e+45
720 9.756488550671547072585586727711952844332e+46
740 4.662321035533894802327155009621995817321e+48
760 2.227200943365751508637812121237833325422e+50
780 1.063586756470180402943885163935845792093e+52
800 5.077499140866988986875306248625197854577e+53
820 2.423242201975993814895969289199093159802e+55
840 1.156165370179680661425760605636124015882e+57
860 5.514739131016389644324511168773423697063e+58
880 2.629766573536280378784377575234427041667e+60
900 1.253723062008466806980308156588386590775e+62
920 5.975618567812034761670305445382854976884e+63
940 2.847510399993321831145012053049803903139e+65
960 1.356603879738046467498954054726463414533e+67
980 6.461746471983479961376827813798838969896e+68
1000 3.077226811499689298626539750091133509898e+70
classical_time
100 0.06789796254899909371698026270437910709605
120 10.86270155001767173099334792992740268843
140 1692.554446904526960615429704912513987199
160 258639.181161148153415618233066368983075
180 38936606.93210361934978013603575639619392
200 5792725312.442015245275932027398467655409
220 853562946925.8937308339461527799377216153
240 124776463203185.3553752902982400763931802
260 18118426987365044.87579908891810613944787
280 2615922701820272882.764896435576813105186
300 375823978225614488639.945976665579855018
320 53761681338505230529283.70460720371793385
340 7661508452006170008861057.880870853538332
360 1088165630329201497657459910.072904457613
380 154088866450684163844723343400.3095631854
400 21760831016786202185798774746800.08015172
420 3065637931582488061338174873396154.723408
440 430928240270677531961731018312029667.684
460 60452240705251212014526293782992176698.95
480 8464808250977850749818806708495914658318.0
500 1.183270569523352950931185684908960745273e+42
520 1.651469575674464343804755390785148118849e+44
540 2.301587993695467652004211730393765914395e+46
560 3.203321163430450040702577283166527220304e+48
580 4.452766621614957627393143753991057419296e+50
600 6.182334324726374866990141162276325158909e+52
620 8.574348377930052897114611110021850437414e+54
640 1.187970647156613023727939661826429401928e+57
660 1.644346605548336195625210614623445258162e+59
680 2.273991329027328383814439845725724781257e+61
700 3.142060918343125971079595015335239988212e+63
720 4.338018864182778191239761842670520990244e+65
740 5.984643730061775020051016966395134988202e+67
760 8.250355806736154103074253001203552880875e+69
780 1.136607961674672277806170629760250792208e+72
800 1.564830338746769349542430245183841237558e+74
820 2.153060241237111510386421234472039863701e+76
840 2.960671914241625109375490369978032475519e+78
860 4.068941861320342214771946670417512841566e+80
880 5.589087192748062969227071504466187321331e+82
900 7.673241064148782174051636341431913806838e+84
920 1.052943419619695771551879380196976472677e+87
940 1.444203919674114865643781322245767857051e+89
960 1.979966233737651503790221258263408930319e+91
980 2.713318612235481274926129351300299612258e+93
1000 3.716764416808907672602571270208349303074e+95
