physical_qubits_baseline
50 67232656.8
60 142539912.0
70 405047407.2
80 1510514442.1818181818181818181818181818181818181818
90 5529578970.3636363636363636363636363636363636363636
100 20814830602.636363636363636363636363636363636363636
110 77928744576.0
120 481301781295.69230769230769230769230769230769230769
130 1833544000672.9230769230769230769230769230769230769
140 6862952087552.0
150 28094654324952.0
160 107055334885800.0
170 407939058426132.0
180 2384971638291649.6470588235294117647058823529411765
190 9088057180070185.1764705882352941176470588235294118
200 34630513074266905.647058823529411764705882352941176
210 130265861303589550.66666666666666666666666666666667
220 524409433766078515.78947368421052631578947368421053
230 1998289410641526336.4736842105263157894736842105263
240 3783559307873627076.0
250 7208724728344806078.0
260 6463345970628555236.7058823529411764705882352941176
270 6441408764599358639.2615384615384615384615384615385
280 6485552825327385416.4552845528455284552845528455285
290 6502171031874491118.6224598930481283422459893048128
300 6505578441018082228.6975568660488626790227464195451
310 6506717597777611955.529741283997936168644505049016
320 6506813112133403672.3211018047468905352341528521965
330 6506882686351595492.1343810916179337231968810916179
340 6506867586523803655.1590115233464330913208552587757
350 6506867251993725567.1220249259629190554717868990638
360 6506867624215752463.3196842325839649427854132804779
370 6506882603213045912.2514933912872972222816118089869
380 6506886369791057405.954889786100954655699278652687
390 6506928130154832767.084731976973528239614499102391
400 6506914600908480250.3901927702087435390689463120766
410 6506881090451307768.0490164923640260853999973119115
420 6506870676603369507.4932768920978759543776019785773
430 6506889425405876819.896547577083666084661115320354
440 6506911503621290123.6074050021304718661306204171655
450 6506917300581233140.0383733847483694019005345804716
460 6506918837056490018.2526014925675225502888628667028
470 6506919234135977997.4031200517199891267045913381206
480 6506919333539269449.8177113338859049432219002634381
490 6506919374950109784.3404842339850224477180593665145
500 6506919392332271840.4171133946596756949000708517892
physical_qubits_active
50 23376600.0
60 32254200.0
70 53851800.0
80 123918200.0
90 378679000.0
100 1925606304.0
110 7167729888.0
120 27125501472.0
130 140409519992.0
140 534734610760.0
150 2037306897416.0
160 7762912745672.0
170 38635895563776.0
180 147223567588864.0
190 561002506239488.0
200 2705562802303704.0
210 10309686947712792.0
220 39285597319126200.0
230 184814580580730400.0
240 352122783762441600.0
250 670891087217389200.0
260 601521263339863105.88235294117647058823529411764706
270 599479643435073563.07692307692307692307692307692308
280 603587978556549573.98373983739837398373983739837398
290 605134577597902637.00534759358288770053475935828877
300 605451693400212927.37994945240101095197978096040438
310 605557710795444447.79243753224736492960860912508292
320 605566600000472337.67530030756136719732286206162833
330 605573075046579809.03996101364522417153996101364522
340 605571669771981495.68720442283354426163991207620063
350 605571638652591534.95784317598538101958788151689751
360 605571673308176444.79475888623396602538719527970944
370 605573067365833625.70977137192064190063114116416816
380 605573417922394300.786867360269981819981319558184
390 605577304429235466.08513094248241305161605389505733
400 605576045323221547.36065079294636980354294521285032
410 605572926635000093.44337054372862038952070705555249
420 605571957468345342.34465117655634024703374611247811
430 605573702368739969.83681224542425929126673944349502
440 605575757126082572.32269939526574889400936439433834
450 605576296643269726.94633535456010883219176682926679
460 605576439651877436.41252689553909004656015475725479
470 605576476620860306.50564169862447548875798895654914
480 605576485886148758.10309086401916286116536996402402
490 605576489754280288.53796968208329664473876774001996
500 605576491386145808.88014084640853193996277997689988
time_baseline
50 0.011714228636276001499335722666170980878479663143427
60 0.16345707350076102761086913875177461831447662046229
70 2.5739621364349313903726683061367332730589228087172
80 38.252125642565231653088088507845989095485251587218
90 552.43462827302508915654111943348556834595597792355
100 8145.1913310892261154329775689723171629487246642049
110 117280.96174032355024837058992992190223667334534083
120 1721406.3672094394001853033496529870860239751370042
130 27898987.717759021600722085007035529802122468195771
140 399705348.5530613899000211870561386724299707576703
150 5822779119.6854674970380259081015152438991998766189
160 83454894738.868714977432522452270405841129960019705
170 1212212895551.1238824567128812745215404296037419566
180 17983556614546.740686492136963627490479212555155593
190 255806624356632.52353054288836134952392975514703911
200 3697983616146479.7359545050064073398349925974367441
210 52651988738380490.676755605609488875244617177053771
220 759613959901107037.54062320403381241643957413957695
230 10802922674418630794.25350071196080471154759295763
240 770812602745887664364.12240837276413354065962908398
250 15164287531950839189647.140998019964491517020079393
260 463309731766909507930426.57389914626525642575593588
270 12575129723349742415335674.213997331554303142452422
280 339572242412433581856291122.79851590913893919663587
290 9198163752778369006624158098.9580705970615415630918
300 249147196899608881110802165568.30635148072957198153
310 6750564533657597394850472945235.3778257216501549076
320 182909827529576779011927778733151.13329483901636478
330 4956060319174860275657696516001358.3079596643622645
340 134288931858250474751226873420575023.07511040467219
350 3638673530689540553991746658137294972.5757303180334
360 98592960735842244570902177830593325208.991887556516
370 2671456348584884095040982993413014339765.128694116
380 72385167202211213155272664190786082271362.261607796
390 1961341939108431696547808459618577152114016.7335135
400 53144191213762616788437556312006030215635823.737423
410 1439989980275878325782517337069592732851304670.7086
420 39017778026102908639110739152816033463053590648.089
430 1057218296675756849158693460994008194727716079411.2
440 28646179482688447608466674611499299106709575175828.0
450 7.7619223417357445648340782557880776368977538692579e+50
460 2.1031585864239022808293702168733135756243708993143e+52
470 5.6986867805197225773559615261733505472438123018949e+53
480 1.5441076095605644031418298733542388893778360013026e+55
490 4.1838908056874608388441093313400690161971787710702e+56
500 1.1336607743850364517888857112706936752007349676104e+58
time_active
50 0.00013069620203176154213203796593855864864043760968613
60 0.001867531699636320684618349242088176462019489562074
70 0.028503149945092766338505336875553342424427455065727
80 0.39438483573186610707955540203141044648589468897022
90 5.4637940939859069032228248495187279926639715395371
100 85.215742099010556334983585812251984458275134637073
110 1261.910086354857789483331163685922701780558227778
120 17514.575477091665945268375410394323614039581168216
130 268480.50539849605639776077979364982411682270699038
140 3936872.2936878973826960374104184109622922229611099
150 54646069.850175643249041290574960448612462447318783
160 758520958.65655473737935289460620995770760141079087
170 11470765731.218878032464940177101191355048644761864
180 167023252839.09425230916351923833218455479659199575
190 2318386061912.388658137844925256324569723783890777
200 34700001813100.663432773849771688616847932784162306
210 502522975512007.19520440012835391132950194927636328
220 6975329890026520.9759426436424229306731293042619499
230 103559701082032632.17524973968450465955361061039061
240 7274529563812292116.8271337358093888799792553849495
250 142800176655430435314.66050550451780472676696016518
260 4086316892146012177561.6891021065322908184091267773
270 110910610087656391278069.13282103863734740623000474
280 2994972251066617770750437.7951078075817018756348802
290 81126309142813586129373705.362906610469730856055936
300 2197437793967502719631988867.1121181282003835126387
310 59538882075547350077702125200.684322724949582926176
320 1613234952969410015752054276113.3713968445294545443
330 43711646583013679782899350418301.982248244067241401
340 1184406554997447897267128424614822.130611526489327
350 32092509200581195120072472602091232.711964758635096
360 869573890822371239738448822770220451.93869449891779
370 23561810842590343505438280830977879508.262741999853
380 638425411204277460934795696666194870752.66437271534
390 17298717151114617937970690731053369590748.575725034
400 468723129737227019764234594715397368220388.2601067
410 12700477605685281414996401792017058185412099.991427
420 344130461212719001053644809464147251331398605.08862
430 9324493562853230482813184163947748518235249516.2123
440 252654647605451841609318567660876548215364249976.81
450 6845889362630194311636116353281299872252010721007.9
460 1.8549516937832851704141953320714037034248067139688e+50
470 5.0261491283489964008684477337666675313395132051412e+51
480 1.3618778176141177285499862215221937846823314319064e+53
490 3.6901236962647918278602188181637941084493391756173e+54
500 9.998703793666403844078302698402462360980826601967e+55
reaction_limit
50 0.0060846691542681377256719451980594528678095124026849
60 0.084902637709284623250841603620622304933959321256965
70 1.2869810682174656951863341530683666365294614043586
80 17.999036264485856618284864712087134416000500948465
90 251.10664921501140416206414519703889470270726269252
100 3502.959103406970351377941473068587890868991537104
110 48867.067391801479270154412470800792598613893892013
120 681682.40067982158102473035289677657626065634131053
130 10237279.317538054492128103794443725352600320093685
140 142751910.19752192496429328109147809729641812773939
150 1990533948.586452671461902776953659234252873482454
160 27818298246.289571659144174150756801947043320006568
170 387878945736.56531635116997997006016158896555528114
180 5408205862923.1635638325543723213285096547629892973
190 75237242457833.095156042025988632212920516219717385
200 1049003314162168.5358690378583729970008272983928633
210 14625552427327914.076876557113746909790171438070492
220 203910312088497464.42328680146194831015980539408925
230 2842874388004902840.5930265031475801872493665677975
240 192703150686471916091.03060209319103338516490727099
250 3791071882987709797411.7852495049911228792550198483
260 115827432941727376982606.64347478656631410643898397
270 3143782430837435603833918.5534993328885757856131054
280 84893060603108395464072780.699628977284734799158967
290 2299540938194592251656039524.739517649265385390773
300 62286799224902220277700541392.076587870182392995383
310 1687641133414399348712618236308.8444564304125387269
320 45727456882394194752981944683287.783323709754091196
330 1239015079793715068914424129000339.5769899160905661
340 33572232964562618687806718355143755.768777601168048
350 909668382672385138497936664534323743.14393257950834
360 24648240183960561142725544457648331302.247971889129
370 667864087146221023760245748353253584941.28217352901
380 18096291800552803288818166047696520567840.565401949
390 490335484777107924136952114904644288028504.18337837
400 13286047803440654197109389078001507553908955.934356
410 359997495068969581445629334267398183212826167.67716
420 9754444506525727159777684788204008365763397662.0222
430 264304574168939212289673365248502048681929019852.79
440 7161544870672111902116668652874824776677393793956.9
450 1.9404805854339361412085195639470194092244384673145e+50
460 5.2578964660597557020734255421832839390609272482858e+51
470 1.4246716951299306443389903815433376368109530754737e+53
480 3.8602690239014110078545746833855972234445900032566e+54
490 1.0459727014218652097110273328350172540492946927676e+56
500 2.8341519359625911294722142781767341880018374190259e+57
hashing_time
50 0
60 0
70 0
80 0
90 0
100 0
110 0
120 0
130 0
140 0
150 0
160 0
170 0
180 0
190 0
200 0
210 0
220 0
230 0
240 0
250 0
260 0
270 0
280 0
290 0
300 0
310 0
320 0
330 0
340 0
350 0
360 0
370 0
380 0
390 0
400 0
410 0
420 0
430 0
440 0
450 0
460 0
470 0
480 0
490 0
500 0
classical_time
50 0.0000030401615274923896499238964992389649923896499238965
60 0.000098892633277524099441907661085743277524099441907661
70 0.003127301614431031202435312024353120243531202435312
80 0.096867608509989535768645357686453576864535768645358
90 2.9534222202670422691527143581938102486047691527144
100 88.932228214787871924150177574835109081684424150178
110 2651.0302303680499074074074074074074074074074074074
120 78371.126580904007242548198883815322171486555048199
130 2300717.7472835683449788601386774902756637916455268
140 67140893.335144941162059154616945712836123795027905
150 1949326493.8697977178723459062658548959918822932522
160 56343473968.557096675279500015854895991882293252156
170 1622182196169.6359651711050727739726027397260273973
180 46542272571963.672092497689085574158633519364112971
190 1331222895345912.6804582150233627600202942668696093
200 37970589329236700.839331064928637176560121765601218
210 1080326788205240387.4622473624671029511246406223575
220 30667304769362980198.038959671146202181633688483004
230 868753562630349126872.74120518244302582762557077626
240 24563754612688931721258.798383843130609271943176053
250 693325710680829563971504.04739528567285551433282598
260 19538156592428874641870413.315294570369517123287671
270 549776523233505814182336295.12658622035429054625402
280 15448701211954667333286759375.95699571290517222645
290 433553656799952466691888208845.06137768234074200913
300 12152803656301099951490549705892.307272970283728453
310 340272460564299431024164473247476.75538776867897114
320 9517535888666429787283281023240471.9275486323799266
330 265948483476409082378676339555205688.67222037314227
340 7424567515373813384770595732617007828.1066924334308
350 207094524883141990131389586302239295308.07700520732
360 5771797615193621821015494404903239156345.7799866768
370 160737813007243643507209533438999467824384.78010274
380 4473087605564903513276715367035623199996004.6115074
390 124392916330777226886482345553127946032234345.96604
400 3456989390048987303642614289278581654926260801.8148
410 96012707801783276656429607374332505640841368988.358
420 2665021800500940251097505118045222689916177910868.2
430 73930963653727677453897611516768285062232195041075.0
440 2.0498253399679150869968183210880612839507977416224e+51
450 5.6804508876974809281490939945062268471262402088121e+52
460 1.5733817076819812433415812583272007407633069724342e+54
470 4.3559206183416408738979637688005170418015497073775e+55
480 1.2053940474328738597223307520737812435275315316311e+57
490 3.3341833008933580997990940051324316790031410441712e+58
500 9.2186827801224196208454124217145027750542642599375e+59
