physical_qubits_baseline
100 648124403.4000376690674751487251630777872
120 2927285625.367029398625505495087093008391
140 12780868463.46154521896961914231861243664
160 56656783426.28937699942381912367083135419
180 402538353119.0212465196037062937371966999
200 1786246185763.426742431606550438068273933
220 7917427360962.174295198993200479021316132
240 37004500384121.16626541814356788813429854
260 163780048885641.4470021209291565549642547
280 724566997867948.3327708960818671581416859
300 4916527612088103.297479415782032669827251
320 21738817197954661.78105588459883370435853
340 96102934988693331.7609987973733273379194
360 443011673647016669.7700008373423107680852
380 1958004846479039252.829738105127490548729
400 4299648287513617531.825716511436626182094
420 6333602634632831039.042029333762631274745
440 6458744907776576644.727870456106787815423
460 6452499375545871357.623176015168160317603
480 6505610820454377712.206726267925447162586
500 6505525953144965483.737310375000752823264
520 5753099401932122035.769083587128660281729
540 5753492322735135111.109732006571182064602
560 5753457549990459479.813361955638315975002
580 5753472698153591644.031947626111485183118
600 5753471694446420750.274381745616348978113
620 5753471790917314396.782551744872196571955
640 5753471838659139114.506600648660105275268
660 5753509082909297468.848454353877206734349
680 5753498492243861246.974916482509918224653
700 5753527576716790576.904696436678770494221
720 5753525867362664722.423754150606669439207
740 5753508577337405711.67572642513955030429
760 5753500665898541766.61295609022156978155
780 5753483029514859712.382151025522777233035
800 5753474168313080330.629336590400324920828
820 5753524780794347424.092002140077740838169
840 5753473565486044109.760769335808586105679
860 5753494353122147435.902314634792708682264
880 5753487239151457284.938468287693548737884
900 5753478986205604922.752198540223191343823
920 5753480547019074862.097442826781680758323
940 5753508083780936242.204611954674847033031
960 5753526851120290393.655095505948095643047
980 5753486713506434135.968264871934704258376
1000 5753502718211232920.322129710315041451733
physical_qubits_active
100 81650274.43093277631769213485935741508373
120 227198746.6318581579321675896696700395672
140 1224186948.628783282563945579409820804977
160 5181696043.732029426682037594485389188048
180 22729826755.75275629158752217028700240936
200 136841850897.9791968919910346743211785795
220 606049644563.947744598961877547469555307
240 2683441854421.178167969647110361107777474
260 15511781418798.07119220975133706180941517
280 68623697490332.39703638527449426285026696
300 303495673088241.8568620362474774283923377
320 1698379207458689.7276642290516499913988
340 7508191302357795.304174144706206819438874
360 33187767429845543.97824288210332634722352
380 181088806755479718.2390591894537391965286
400 400153400986798772.249950350063901924811
420 589446499862897369.4780855592147632642853
440 601093058583065961.9104579298377652690017
460 600511808520130702.0589275025749800202516
480 605454707097419885.3612588429898042961923
500 605446808818690587.2254360516520011934168
520 535421071181801101.1418411900538539117477
540 535457638990780067.6695888326264478422152
560 535454402839992751.5880281019672699837135
580 535455812655497459.2863608772556058802343
600 535455719272276894.0227437641336760333284
620 535455728278825015.6149419958001113608148
640 535455732750327168.9629223498055007236173
660 535459198972255905.523355454060233293099
680 535458213363975747.1358693794797504164405
700 535460920183649572.1642341960613094922495
720 535460761128306628.0524666496609278212384
740 535459152033770277.1219847766532852772722
760 535458415771843983.4912011251951205008422
780 535456774442926707.1551559819006772669181
800 535455949789849605.0841634797952838455866
820 535460660146828014.899209133557723670374
840 535455893743492752.5137989144540331415243
860 535457828405248848.013244731018400063496
880 535457166360928305.3455996545084735912409
900 535456398316127333.5274265742413393526126
920 535456543603976180.3720281830415710338132
940 535459106383532001.6942402935946809709662
960 535460853023254670.0470074924102462208513
980 535457117582641330.1040730453173293865403
1000 535458607113517524.0876807547989801258011
time_baseline
100 923.2454630558595472624954389493413129074
120 108596.6934932005865241507343507431200606
140 13802577.47202510123138143253111980228633
160 1486035429.737081322260940225835028268582
180 172743087866.0097866685784556196806309884
200 19932232920140.39651506037757714417273084
220 2131674777448700.87075068874944348534039
240 244367591261492100.8735099954327671332179
260 29895346283283628875.46143744493494673298
280 3192802276183093911986.44625318668495699
300 363257331304694355241832.4194880353386813
320 41090911995232269337718831.34435751987933
340 4386607242175292702402141234.742945687002
360 494544985340563728846719160017.8459196131
380 55593450221732864667607852884832.81957584
400 37485177294761194662870439636288211.90041
420 6915262331470216454931197072885223647.027
440 1530062575418481156314382155704248129734.0
460 3.420214784762009068855606925748162366648e+41
480 7.617057803077282824694642288130972246894e+43
500 1.701983352241041925803952137085827057551e+46
520 4.299114995555264233040257413966465192034e+48
540 9.604509278297355971796045948400751323559e+50
560 2.145720526715862400886887203770165538951e+53
580 4.793671063849336426071935980756115356035e+55
600 1.070931459861443659992417052829041356205e+58
620 2.392508312700806217497491393270733024081e+60
640 5.344956489167840419796923429404658052846e+62
660 1.194078371741646565252560078365685519104e+65
680 2.667609341014253384245756749944080574158e+67
700 5.959536333483522122046334052858245801305e+69
720 1.331374153593466681913506848381994191967e+72
740 2.974332693008925773313284360018811235012e+74
760 6.644751469507567315185427084183850418401e+76
780 1.484459120396542427053619860969885585874e+79
800 3.316331316646542535179035531163004168441e+81
820 7.408778953844143200501573087541111992125e+83
840 1.655148364131256117132215624790066276521e+86
860 3.697651626861400476435432624498526074326e+88
880 8.260680459115526739904992362116120444618e+90
900 1.845462643181329574768683086401761338799e+93
920 4.122843737351997410709100859880691074053e+95
940 9.210566251800381803540772446788594981681e+97
960 2.057682600417698411274232655848501560562e+100
980 4.596940185272385374565814326683129079236e+102
1000 1.026976762775894501095030408169880626688e+105
time_active
100 9.706848931599767785526430652065281609975
120 1076.180547123472214265545153280528824496
140 135672.1992758241628792703633904075776552
160 14572535.01719457867026076457543765358429
180 1608650040.960009303204109223909933557489
200 194446417878.0660490495622462596948792264
220 20701957466322.44604407966383294028144524
240 2265781759945277.232828584373291960319254
260 268762518344492129.5891912501061775188275
280 28583029521977162671.7721542801213920369
300 3114985638831278115914.695537222613550071
320 364542839106196737899348.024517976947086
340 38755088564924824921529795.55640823076547
360 4210739706190646637922618253.047583346527
380 487667312903678310270426022347.354060926
400 331290749625595476384868802123719.0608209
420 60991495201363095060120491499795731.50806
440 13494904423574046250303807800972831264.53
460 3016574117332982176858772969868667145313.0
480 6.718121212114062208792624802630221820251e+41
500 1.501121644519349657327024322533950417628e+44
520 3.565683231143768060929409880116011588908e+46
540 7.965973846165307419968909349889807130311e+48
560 1.779659231663360405430751016611621192569e+51
580 3.975867712431234853061335600066116018762e+53
600 8.882298674161566109774174357726473339572e+55
620 1.984344863392670650572806057041067758538e+58
640 4.433103491503937576720635101608669713793e+60
660 9.903678373435839889191831102630839438589e+62
680 2.212513480481205913216018016874786479368e+65
700 4.94283561950834615459372610606496985852e+67
720 1.104240870937303192748002643442076363069e+70
740 2.466909632204730052981275414128609490069e+72
760 5.511152616811363162734606786237359529905e+74
780 1.231209444631561772155150308605572110499e+77
800 2.750563072073763897207065834411734467522e+79
820 6.144836522388038949322542363560246792315e+81
840 1.37277899420704916245791595400934090365e+84
860 3.066829893484119937451755321476789415291e+86
880 6.851403088132959037871867485183971357962e+88
900 1.530625535999824915183851085760195520812e+91
920 3.41948395819906890285242941389273942457e+93
940 7.639237757139991297200071391174389378461e+95
960 1.706640631818978955285945189683084677012e+98
980 3.812699249139190318345142983662781469566e+100
1000 8.517738699306513380134758575668522382585e+102
reaction_limit
100 461.6227315279297736312477194746706564537
120 50250.42951672863642470331979411259926766
140 5845781.273907373771489683196371909511118
160 629377127.027306199887076537091158414542
180 67448225313.78434043449329175556492329673
200 7218889640959.643940560477952053478836643
220 772031954932175.2824079413093278178633017
240 82525322392140421.04303875164210372346553
260 9457189177609954076.206856119758735936648
280 1010021233953902740960.97559317199917248
300 108076145371000214758687.5132577301529726
320 11538747497122438660439809.78073714788878
340 1231804064141158506650064900.659955916978
360 131488606086345785599787221430.5211671038
380 14034765317058700571689673437259.02733993
400 9371294323690298665717609909072052.975102
420 1728815582867554113732799268221305911.757
440 382515643854620289078595538926062032433.4
460 8.550536961905022672139017314370405916619e+40
480 1.904264450769320706173660572032743061723e+43
500 4.254958380602604814509880342714567643878e+45
520 1.074778748888816058260064353491616298009e+48
540 2.40112731957433899294901148710018783089e+50
560 5.364301316789656002217218009425413847378e+52
580 1.198417765962334106517983995189028839009e+55
600 2.677328649653609149981042632072603390511e+57
620 5.981270781752015543743728483176832560201e+59
640 1.336239122291960104949230857351164513212e+62
660 2.985195929354116413131400195914213797761e+64
680 6.669023352535633460614391874860201435396e+66
700 1.489884083370880530511583513214561450326e+69
720 3.328435383983666704783767120954985479918e+71
740 7.43583173252231443328321090004702808753e+73
760 1.6611878673768918287963567710459626046e+76
780 3.711147800991356067634049652424713964685e+78
800 8.290828291616356337947588827907510421103e+80
820 1.852194738461035800125393271885277998031e+83
840 4.137870910328140292830539061975165691303e+85
860 9.244129067153501191088581561246315185814e+87
880 2.065170114778881684976248090529030111154e+90
900 4.613656607953323936921707716004403346996e+92
920 1.030710934337999352677275214970172768513e+95
940 2.30264156295009545088519311169714874542e+97
960 5.144206501044246028185581639621253901405e+99
980 1.149235046318096343641453581670782269809e+102
1000 2.56744190693973625273757602042470156672e+104
hashing_time
100 0.0006121364458874054483944133102954572281909
120 0.07956821145023541123738221017712481657726
140 9.968469938492750717249800422282428536199
160 1218.061075078554375491944305790616336813
180 146176.1692803693231627897457333951583144
200 17303660.57510488553277981640013943999539
220 2026323252.166427259545633282818871849671
240 235217561618.1515282669510060628342971469
260 27106093630652.20964693857279340638992871
280 3104492965782236.426352643211121241428657
300 353690684616096756.3454162641734337500612
320 40111680744893105744.29575886858681939868
340 4530852776498601116577.459597818504996512
360 509981796634643805672680.230817710595501
380 57222238401252557430752016.87504438502959
400 6402557146520001034964446748.856298130865
420 714565601547876138812764740451.2948048098
440 79567365009573555716151866214458.66208572
460 8841421032447964243666588093915709.608034
480 980576894357991025100721189905181047.2683
500 108563092384509881596722824184124268407.3
520 1.200007575872939454212487503935728636204e+40
540 1.324464492235029819052150166436799054315e+42
560 1.459817621543027449909208634048465583692e+44
580 1.606945563169806253385990968475694703772e+46
600 1.766794226772733812980887739182896347661e+48
620 1.940381829734897633401291212130367395709e+50
640 2.128804256475098353696813575068440208949e+52
660 2.3332408052964471462890801482151138144e+54
680 2.554960350274913399010405482109454927751e+56
700 2.795327947640417399853291832921674990393e+58
720 3.055811918184101210396161263167284021334e+60
740 3.33799143944681390038840262897219146969e+62
760 3.643564683813910292063562606389554422215e+64
780 3.974357541173797202557805550114601382378e+66
800 4.332332967504347821419828113238341978095e+68
820 4.719601003640167709147909015051651738379e+70
840 5.138429511566194119570869291424539965512e+72
860 5.591255678882734071765753414849701054752e+74
880 6.080698345619831740089321107948986722009e+76
900 6.609571211350730808460991276678271558868e+78
920 7.180896984586270644661005226899069653298e+80
940 7.797922540750111958870451016591544447041e+82
960 8.464135159629905384193842470025531767722e+84
980 9.183279918145401373560414780944900183128e+86
1000 9.959378319516918226423884985765245511923e+88
classical_time
100 0.4823750328046628870095164657724594010902
120 101.637710479520681431724493847308695075
140 20742.46134849401712162600095256493158764
160 4143575.441383937943473459759286793419271
180 815100280.0319975480446907446652597318763
200 158476344463.5055155551321293973372433336
220 30526816756287.36067616233812904031699771
240 5835681235073482.236084883389983242407999
260 1108484607783369195.722789281036461714931
280 209413281783432171570.3555723543354297324
300 39376425773750211395691.36573518590118138
320 7373675777695432239958639.433349863153787
340 1375810832963697660456103876.999060383419
360 255879632121573271658121006434.6029502478
380 47452851996742310658188072919133.34214824
400 8777352295720174603623578694050691.79582
420 1619743981276529127371677672737894509.559
440 298265635620152075022284101539351468906.2
460 5.481688418236257552424460970502123337954e+40
480 1.005657245511872406584600269718226760011e+43
500 1.84192498892030096038991454417889440073e+45
520 3.368487002181758584399105761658360150412e+47
540 6.151590217706782974474185737223217414377e+49
560 1.121948466125072025363162108726747901963e+52
580 2.043762066970573050521195536860222254229e+54
600 3.718730573271234358741763129645500864816e+56
620 6.759237549296519013283505256754837356254e+58
640 1.227348855529726914768513318093537266256e+61
660 2.226546410816378788472100493620411751769e+63
680 4.035642679267621869633502557125942925334e+65
700 7.308574149257483497023743733314225720628e+67
720 1.322548389034750039355605041782836844716e+70
740 2.391485758302664503991691210837192537464e+72
760 4.321338140053327067822565606556888530411e+74
780 7.803304234076455649441739662892677761805e+76
800 1.408196017477439239440736906523978584601e+79
820 2.53971720532868388308077153091428120279e+81
840 4.577809624297512422014890991542702554146e+83
860 8.246920113436043953365334442094051473726e+85
880 1.484903837663473372400015626236880887533e+88
900 2.672313628010349121339582684542767660068e+90
920 4.806937727066114127379675815734400499189e+92
940 8.642718284758165685258169838606268410038e+94
960 1.553249703972863467327861122805504999851e+97
980 2.790287979941003459540095022108855424184e+99
1000 5.010498125443089775425407931660663919872e+101
