physical_qubits_baseline
100 4092993117.529728226545694912395635194217
120 15359720880.1659407991437933785129219699
140 51246259578.01533510470678358130197988759
160 255163930962.4496692009592185045483471079
180 759516855015.1085643604945245682780536154
200 2191415600886.909140073450204619379449616
220 6178272460339.399359640126258120447562913
240 18052669847387.67529718329838644290625673
260 49248774445369.88282285257175913050976775
280 132694193623391.3833881982663104297887435
300 353726023184603.3890706422653275780554319
320 934166576046254.5449176310436087865662183
340 3753953579391361.350691653511430728626195
360 9759761504165412.002207918632341762574791
380 25205217335584166.42927575502847857553169
400 64700579358437265.18486231444898715919344
420 163043241600206489.803502923795050634724
440 437475880507791032.9249852041786714378222
460 1105889845929482015.084735109077451189279
480 2783408915017600672.0555927897863062195
500 6977197219593449073.978302048312413359879
520 17315092574799438684.82907089973902141392
540 58280165551116609699.73639144760691744723
560 144541806915782931306.5115048162130908829
580 357358296744894840480.2235397360116900276
600 880903458464400699315.1315093232677843153
620 2147603811687656500002.99348972509204953
640 5527907085786451883157.102194738623547929
660 13518242661091107444179.91045875646742341
680 32979020040308764717911.59705728287354055
700 80271666026010606795551.67122191899165116
720 194197491288912657973080.1569802257316421
740 632977332188610741451053.8879310546612496
760 1531059967201586870579817.71046218174726
780 3696285015480984329777419.666083986039282
800 8907208149190262295841006.332461615121551
820 21278536772807341621294590.88665723207444
840 53206301365251464538184422.5502481270697
860 127564180519086537572093211.279859865637
880 305359673943990549395776014.5152144601283
900 729854406980710867368648940.0437117591621
920 1741908438545312131143418668.383421520282
940 5150545566265769021525767725.605409673432
960 12258435550649862641862129055.78649268639
980 29136859243456575323141430159.41402752739
1000 69166304450941347618673689538.03774641739
physical_qubits_active
100 292631087.3362788982295883809830452879187
120 1445529363.665612279454462622932602734454
140 4684351896.478755777999888986599408597541
160 14433119373.22566616843451636954933042366
180 42800218260.7225862711090145961021298765
200 167847727571.8929747989894017710889847916
220 472959583091.4936799724604068263725489639
240 1309206269811.572459581178869309215548028
260 3571313164752.021099992269354343166820007
280 9622123595647.964167253740361392615092018
300 33501522382285.93547986844984234553540162
320 88474823060964.964668484479157916892694
340 231730457185681.6527171256589515968706997
360 602466722495274.1469427222576694139193131
380 1969197168783253.288498756878581296634496
400 5054833624052939.051052064906668292263053
420 12903801405177239.89651140674419160664021
440 32773059235454415.99815281449996685544722
460 82846608711920117.2874912680247253795587
480 257427452168245040.540345731203825130965
500 645295806514768685.7772975788300391124359
520 1611455801090346159.220946570473617628098
540 4009938900984843542.254869051561601397033
560 9945129853737456483.278835569121431489669
580 29751318575104529664.46505351088850241586
600 73338270483376802138.41094860762332604154
620 180276278593182509930.1574378673119019881
640 441970529000985241709.4699127849486099549
660 1080818611340211112650.369929627615645466
680 3137960300175651331955.721759035307910618
700 7637864949008242604004.052016217354435168
720 18550208123121475170945.54335333499526134
740 44959324360332219186260.22659126739761066
760 108748636294013779722680.3418369476420593
780 308120988682962220292491.899558141445347
800 742501665818186392203480.7130978281881571
820 1786108927970725571413143.299064838701843
840 4289258704786254856486917.037306049882463
860 10283664860564039689471919.63466799289162
880 28549612714433991377140085.46510470464017
900 68237761679835112600302205.14019193476347
920 162859786500802944153541592.5850783232523
940 388140628814586994069023831.1487381400691
960 923785028536686126886263634.3042926388216
980 2195728340412820257713455902.770247893162
1000 5983521972574159845934233559.280300367561
time_baseline
100 2569.157279366053650864069763649914704975
120 278781.8892586853662278199107300763441488
140 27888208.81807639872240467553206182003053
160 2713408967.800813773683440453143372495307
180 237866280149.2316209644525020652337300262
200 22077668576773.7034848587987748558315093
220 1883043829595395.618175901526635662389232
240 170292452760488687.9995144976738049503033
260 15323812308568673638.43057589443934413124
280 1291244167533882422761.89047014294932358
300 112559478341826801228970.8099234660098804
320 9287872152975339901123001.969688333052797
340 809806288161989137738449060.9035437960127
360 66297966105093933869011052212.60316740529
380 5719556758693127216855769668602.404865893
400 464304995096358897151698718977521.2666385
420 38076148056213400733915908385708514.73005
440 3212139338123729730780332133807133605.665
460 258760470951508905711775073237052883648.2
480 2.195054778424659669177495118510499427115e+40
500 1.76082638788069298102844521189911395295e+42
520 1.513761507087120317296941865304727275734e+44
540 1.260846842320975504438679451775836389265e+46
560 1.005908278401394448706296960119585628543e+48
580 8.397682686112694507115464321119472922643e+49
600 6.691961114787364083004303866366882419608e+51
620 5.362469733801180076629632315832058143599e+53
640 4.409236668900177836286729881676255870924e+55
660 3.492958694531715103584632788931635315388e+57
680 2.890386865001202890534464203899858875888e+59
700 2.284356615184768230880058446800392578873e+61
720 1.818142961614949648633775596507483755056e+63
740 1.487531761164759996225922160483461920834e+65
760 1.171942596542077087077383695736330754912e+67
780 9.596077334580967747901909241381851273212e+68
800 7.546001498399038693476536134094433612673e+70
820 5.984349261526498029226400267572764194637e+72
840 4.843255351754126067324920455867500478963e+74
860 3.798825527428163939595884320548865836098e+76
880 3.088340762155216199365620220965556752021e+78
900 2.423029379643984928883651120914375313596e+80
920 1.896166745827170294512654299661843446755e+82
940 1.53613944222529029576162260717379797702e+84
960 1.200444150693273891612961579939425316598e+86
980 9.455252945293854850746880805433788976478e+87
1000 7.584300129608102175461028121508014939648e+89
time_active
100 25.55257537221827056564665287063973991564
120 2951.531274217737038542017665782704764572
140 274130.1232165348208185901635753456853805
160 25322919.93227993193328302066351219724291
180 2210392402.03631472331007046846868485413
200 215380248994.251657550222399769308098517
220 18287216978652.2914643618759263235260759
240 1582544291206488.84702522584357367511531
260 132165842920510220.5648348303133842220342
280 10969319914512913951.47349973701027663455
300 1009791807191085961888.06847315590481844
320 82973740347732189400756.8310505286007362
340 6958742923692381385649001.51754445585355
360 567330029562648862994795458.34811163369
380 50741717775503739843679057215.98261938964
400 4110586669170880369595164011287.704672571
420 339404447604069481540966538529766.6334651
440 27349347480252821519400475737318642.21202
460 2198647571016757048867507798827437647.278
480 192156088235417835588015164594804752228.1
500 1.538281853968635755930869819653022761156e+40
520 1.253478181138665078289683979062495758956e+42
540 9.997841167117020402400706721328311859028e+43
560 7.961086811904104887845124679733297773207e+45
580 6.839278934326126405583351560815259877155e+47
600 5.42940595222118249147494906985977870204e+49
620 4.381529591834950749296119979683502875163e+51
640 3.468828973139641177890815816100072377315e+53
660 2.742789101120357971748057803993960116266e+55
680 2.324770447194119017828946611596716315923e+57
700 1.833885077924327673216430759643435442228e+59
720 1.468857710852351954900417670336719555145e+61
740 1.156232034391806454595959048793721003486e+63
760 9.092363605136033631876247858292135556415e+64
780 7.622814313747379307810649445389018454139e+66
800 5.983195465265787418393259612507722653747e+68
820 4.763302711555807097907430483443727762342e+70
840 3.732287648695251150379107133065433534771e+72
860 2.922050516591277716392530797541180604671e+74
880 2.427583112055687996776010099326517946184e+76
900 1.897650192226306939060463031536266542226e+78
920 1.482314914781621447002441682731818451815e+80
940 1.173349565314694688934471317050936276948e+82
960 9.152676223424714428819338116894949285709e+83
980 7.134798606654947459763496971428842025029e+85
1000 5.878119089513697503860581654413288864293e+87
reaction_limit
100 1188.81193537525508319031661021023648092
120 118072.0141542531039923811790196577106519
140 11811433.42695776052683707308391906176801
160 1059461035.363791990093917383252215599129
180 92875834509.29076245503089541229130403245
200 7995903968905.592080591009734433262868242
220 681984946589368.2986213638642380433300362
240 57509423742034948.60920200939168516986631
260 5174998923773269477.257427477139009296251
280 430414722511294140920.6301567143164411932
300 35607423898029629717491.0759882259786096
320 2938154984059322696496129.592549438247654
340 240933177908535076224050436.1885628856352
360 19724938622509057622806624284.03874975515
380 1606109915416498126353619964138.469007312
400 130381580424108101600073272454644.4776702
420 10576707793392611314976641218252365.20279
440 854037017115141514485802850454347045.267
460 68798702509031192210227377066796938514.54
480 5541494239169632707776529520174608581815.0
500 4.445269111087878579845608783624069821953e+41
520 3.784403767717800793242354663261818189336e+43
540 3.030062092950144876204277378145859078976e+45
560 2.417394738305957746620866703210199463409e+47
580 1.925576944517380055364616738521560119695e+49
600 1.534457343847832802049148055003490344509e+51
620 1.218743121318450017415825526325467759909e+53
640 9.666992443643019004946618618287621477907e+54
660 7.65810675060907354594466598172712448067e+56
680 6.070805642278451657455718284022961055385e+58
700 4.797933839202190231212723175018868709065e+60
720 3.787797836697811767987032492723924489701e+62
740 2.998375400255321357078602521646928072678e+64
760 2.362251297429261703070398209755674628289e+66
780 1.8592992249130632358902755339001259472e+68
800 1.462084367895236142825190521118216398815e+70
820 1.150836396447403467158923128379377729738e+72
840 9.034026378310088182945165264034337734623e+73
860 7.085872488470718680819750496666258947187e+75
880 5.55344501106659615919968167794473069312e+77
900 4.357084055551231163180962424983716301886e+79
920 3.409681255000803595386741751818388975073e+81
940 2.666387448592101987031210610957816475171e+83
960 2.083697035403594730548600859855323065413e+85
980 1.630216025050664629439117380247204995944e+87
1000 1.272293157973422940602915331583667380696e+89
hashing_time
100 0.0008692950413464711629791409745591067251771
120 0.1031237371177329221034445396022539274315
140 11.14042883179746716467627529872825725995
160 1136.61683172829842109237987157219925398
180 111576.8730141573545499885335390385101267
200 10648274.40398638967770130030054970286716
220 994465397.9557113432285550188553547372469
240 91272909414.36452810489496871212895007286
260 8257774255637.59473961955300586524631238
280 738081275829275.4212353245062516495303175
300 65283841367619802.3909280458999127219125
320 5721943369027337044.357851653001738250623
340 497490203107381890413.3194166233539460612
360 42944963479688563108127.23571830892380736
380 3683399824085896100085361.392324272341285
400 314096866574382832123110266.9695735761843
420 26643319954104950687849398406.97622665026
440 2249163644070822168163066368398.521475103
460 189031786291339978743477475103104.9560418
480 15822696463090088699123661084112295.45692
500 1319444311111552772653964400624919964.758
520 109643763873975159259297717494487342786.3
540 9081629516805774982043790226804337084726.0
560 7.499360050318104022044044131935781374876e+41
580 6.175172752361740540597947598899196518617e+43
600 5.071242405899025808920731340286234255311e+45
620 4.154210918033703990026007551594172681706e+47
640 3.394954558401565895616295649034071483117e+49
660 2.768263684466175874259552859420359922942e+51
680 2.252480085856976475988701303769293079894e+53
700 1.829119700079314441047516089206724388317e+55
720 1.482500222957839968662123672052125656901e+57
740 1.199386788618346107100864311718992607164e+59
760 9.686634830407115317523716406384124304485e+60
780 7.810347189636946509867399567269413065974e+62
800 6.287580728455287091340108261918418970852e+64
820 5.054084158937506618778184334618839223842e+66
840 4.056718087332996805071684415802006322632e+68
860 3.251671058627740843874069422283069801456e+70
880 2.602927500871206254222973248218964363956e+72
900 2.080961090881451167486145960733567504008e+74
920 1.661627219421411315122996889689526758055e+76
940 1.32522927614362251332121393716199317346e+78
960 1.055735398325566339490353744906827465592e+80
980 8.401242979555276734515501614982274216723e+81
1000 6.678411315499146619784022513852618248402e+83
classical_time
100 0.3825379490619349393104504419086189698732
120 58.71711456892307025355806395896285586202
140 8432.035689610421021261535432019785036518
160 1154083.912723034964785877831603601362092
180 152304313.9199485877589534984293619460273
200 19527198902.18167731925894931866930247943
220 2445418691287.486372636923596414420681647
240 300276790844671.6498999215112054114576924
260 36259987216138358.44492556210894207984567
280 4315743957635509564.755009934116543438261
300 507221312150496523882.3847218849738143691
320 58951214947609783933421.69282726391256117
340 6783763983386316801490890.390775043919943
360 773703027671981023665673407.5023465946759
380 87534532422095412343410723326.79805936289
400 9831187298853698329317673882933.787250542
420 1096808532439670667227503542190641.196626
440 121616819945955987992319826011507495.9329
460 13409257167513171037830737219818896489.72
480 1470783966495615723135975280323435991516.0
500 1.60542469989242245538960379389358890059e+41
520 1.74450998957840859026049707950927971551e+43
540 1.887685857415109442924427322383028568173e+45
560 2.034584469396419471984220906544491616257e+47
580 2.184826163381435098589207630410024897811e+49
600 2.33802272009340242418468516840783505575e+51
620 2.493778863671654494331676559608982555165e+53
640 2.651694906638921811775344298300766129253e+55
660 2.811368715619511841479845801221676635583e+57
680 2.972397712361654370057833324035310113724e+59
700 3.134380808738046285194899248855248564982e+61
720 3.296920135226891294372355112611401190024e+63
740 3.459622674954095419234453762971120552236e+65
760 3.622101849137481032691797355525463149279e+67
780 3.783978937335575838477699506860429993577e+69
800 3.94488431161649027982793897336225765888e+71
820 4.104458682330222192477607856989091984592e+73
840 4.262354139935358326569513278972891109181e+75
860 4.41823511385072648784419540544126308178e+77
880 4.571779220614498674110686461502729387921e+79
900 4.722677994452707253103874071036496532308e+81
920 4.870637537976427189205436071708354864137e+83
940 5.015379035282339070304453191462173058556e+85
960 5.156639212254266122324804513682042251829e+87
980 5.294170675940641153042499927052659241931e+89
1000 5.427742177890833714742151921945085102251e+91
