physical_qubits_baseline
100 573441004.9084995791189571510941722632256
120 2447932093.703780299154327028217977530143
140 12415728353.03626846744206063174943672537
160 59160836711.83206609763370016329531312037
180 279637308907.9185026633660521072267422698
200 2177897809664.19523375040541445618980098
220 10450540480736.05078980816016312130628853
240 49240593860547.95666136250618088120247278
260 253630038276107.6134844100701751851038808
280 1207022556022708.71542978880355819281389
300 5782911463504507.169655108605944363987495
320 46337071297678361.8659092488141731903241
340 267318364820831349.3329595947493909220796
360 1658186483504538829.451624699376896704424
380 9776680379766356789.205972529144991596951
400 57496940797488844344.10175129225572313578
420 461781035509289572155.3617629093908776497
440 2727550658252123618654.498368433425649515
460 17101148632339195197396.39092888439588326
480 102376797118152552226299.2652861299181804
500 611878506128884358113635.9228395156371194
520 4947653279745358866330716.580455834839732
540 29599121689106737429875321.37916883386291
560 178621736239372611829925029.2215371933752
580 1124204913439820069751614005.498868698393
600 6780073131597259181098820038.375040611899
620 51186347669711914736451953591.07201117914
640 309174142766080002346553458162.7526651415
660 1879064932684765711570144062816.270503897
680 11862350793336558036288531074585.53961742
700 72066646153837694421610288922307.67668289
720 550066107092274665854364105789163.595896
740 3342258874643622238032146250267877.593111
760 20417215743594087917037147599528064.34615
780 128877021117739195006995160703200324.65
800 786527867753617024955978988480765706.1154
820 5721822238412252083356636709140370048.873
840 34944202843550995165362275183268708800.1
860 214288871824099949757760056114689262710.4
880 1354431541712091473303272105755907042262.0
900 8300095084314999464948893740504558033545.0
920 6.110037179088354946221363271537876280878e+40
940 3.744074009586806404692617291569407629414e+41
960 2.302856747320868616172867107126795268521e+42
980 1.454957694571999896716393416937585596187e+43
1000 8.940272652083765564885200954778842560133e+43
physical_qubits_active
100 49008409.44468571927948172702998370921141
120 211465892.9879581639705325153372275280386
140 827319908.6925474729430690250542702007755
160 3754825592.325705839846500755568955458645
180 25610456877.98495841794975380446175594858
200 122556687441.2430765731847349790361396995
220 799897921509.64204145937025755745700454
240 3836085549952.371822586268367032080955749
260 18391412206862.48917608004948366122099913
280 115126099826617.4870156579484764893294917
300 551574538244041.363424630329031951259612
320 2860370149644088.118472603946600498209819
340 21156491923789597.30095157155855620048539
360 124221347042472448.5742699403933005304269
380 732410024484837706.8911729269134378259714
400 5351041489397708666.365914499046600571036
420 31772623158895471286.68910028618489881851
440 228958749126249063880.3714258567664946711
460 1367281249530901570439.149565082441922486
480 8185290830225632547877.748723647124408342
500 58448096107834743684209.85531601343399349
520 351423561816023751160033.8974358970369946
540 2484534349023780112026478.022552624177844
560 14993412434001849727465739.28994234516026
580 90628470448134378051412336.4145942507846
600 636291277851598181933681311.0814019439464
620 3857358587674493685766168071.554862898386
640 26879513957638330963421206786.32896045473
660 163365382478389600119323590254.2739039323
680 994027857605662052972770888546.9903868651
700 6889119273854536882725538076207.383581337
720 42006119485884040353515933456589.6286003
740 289424194467256678388425321487019.8788133
760 1768036660680270889266634831888713.625988
780 10809812265551059951983294592877430.25144
800 74155399142200470270838703579261592.88037
820 454101001101178746995863110407876810.2026
840 3100556088430155050117328510118603241.543
860 19013587724169845353847537938169329711.67
880 116673843207526580519088668333511536783.7
900 793792715774297617687879855642085181246.2
920 4876931749801014818378195844740175240678.0
940 3.305307076164757329773716469495741230899e+40
960 2.032985641529409899264865468576694810204e+41
980 1.251072481258394323154505289147154521254e+42
1000 8.453828198903082022866928322971501995011e+42
time_baseline
100 26019.96366679350465714923886844164874895
120 2190728.777322246476207852102225431973799
140 205127119.6620576447003603927353510079669
160 15616238515.84910093270659870755062506602
180 1251367753763.270909452698396807082909364
200 96979119383390.36335784557512879778681421
220 6790658981233993.595203911877163492163922
240 505223539069470127.9281320420755208793787
260 39082075529539451687.66364230903183667942
280 2789080474324623362645.030602284875343616
300 184572033154663730703727.3148410001022636
320 13401930835116197541534394.30367376656725
340 1019019455606779320792059311.907215112331
360 77009016953472817034749525296.26331597788
380 5488906508641752154915594939063.532810698
400 409388568272317819881528215985198.0678075
420 30405794781308332556319437106004642.53328
440 2241479922463762550305325243060173583.252
460 164713942104223062379652912597509530765.7
480 1.152400153248129064249694962666792813178e+40
500 8.423241163577083480751756738111014773375e+41
520 6.471488270139772042310012118082168671982e+43
540 4.674698927227906341934373219314192655863e+45
560 3.246002191564200415953888181232317458297e+47
580 2.332174712310640130729865996580466332245e+49
600 1.673258024556582034355326540484433245443e+51
620 1.196988653160197878234050551784932379648e+53
640 8.52478667120650107760763015387300124235e+54
660 5.87031718907453542382992894286154262811e+56
680 4.164336802792195520421713568745374665461e+58
700 2.952223974894354957290889142320442281524e+60
720 2.088297740751622108115133243902801283362e+62
740 1.471649074470500899699645293662894863081e+64
760 1.007157181926091187904395968649788580611e+66
780 7.076246716293957483873995996837819758753e+67
800 4.970959363906659292185644317328059795464e+69
820 3.485996907241398274932154984710476216574e+71
840 2.436639500252630046035786682616334738676e+73
860 1.659617136290190715303314479392736603286e+75
880 1.157285543119879051238641840370473505204e+77
900 8.071384468609517995763835082529726056044e+78
920 5.62150124113916075061398245804608692653e+80
940 3.903783553853938459939368661878744393085e+82
960 2.648780680127736002350431267959601960549e+84
980 1.838789652029078058288177750774614779858e+86
1000 1.274973204674959150594312931948627465374e+88
time_active
100 169.8146630267918396104872853633837471336
120 20240.69986899828431542065201052871152361
140 1703837.04802156576187053663368185569674
160 131384850.8187376256717504340710219917942
180 11587797528.26030348992704146635073510775
200 826371167073.8318540196321930489651037614
220 67238455849165.29312078874727306859863028
240 4606208063482508.377170669798965600442164
260 310878853441951594.2590375939482936982513
280 23676965169683145449.87405328025116874301
300 1560719071858444989561.459490972196167449
320 106035223928012683853208.1251001727761063
340 8533051199929384227278415.037166620986191
360 607379082766668742567176473.6530382878632
380 43042364645502110709298857417.49641431998
400 3375694456204870207788306683368.478940289
420 237416241161237867514314174007850.9705646
440 18307541980324778420665154469786747.77299
460 1279557459848877771965936821226805893.102
480 89186691034677859493989866113006679116.05
500 6764474398124004450053349414053006608399.0
520 4.69211233596823502392705748814378701651e+41
540 3.51826162716759889259529645611967825148e+43
560 2.430275078319551000589945187967218302932e+45
580 1.675606110584586203770104244755241786224e+47
600 1.241983688623108436342809002196712070484e+49
620 8.534269005024438696825031085420980120904e+50
640 6.273573808801712610239022162667746040618e+52
660 4.298088773834284213094810332904083824564e+54
680 2.940675038814695133748493055125576925038e+56
700 2.14334442621749255106312651523388112482e+58
720 1.462794214627297349981629343841648856802e+60
740 1.059513628322877317187761632585479047069e+62
760 7.214892603083502072820106936787024304768e+63
780 4.908016436975409252947135918448010389179e+65
800 3.531674177404854727767807358927765601376e+67
820 2.397877801724532929478143816905737038582e+69
840 1.716994745888801809400217330492484435215e+71
860 1.163755918740072757682202226289380079805e+73
880 7.881401669732376658011570942426617666287e+74
900 5.614168632399765541408312708599142905371e+76
920 3.796378515039365890775993321115416253331e+78
940 2.693610652159217537358164376696130848832e+80
960 1.818927815772430176773285803037522399235e+82
980 1.227474940934532721436797239925741390163e+84
1000 8.67243209015892955352992826345182027581e+85
reaction_limit
100 13009.98183339675232857461943422082437448
120 1095364.388661123238103926051112715986899
140 93239599.84638983850016381487970500362131
160 7098290234.476864060321181230704829575466
180 521403230734.6962122719576653362845455681
200 37299661301303.98590686368274184530262085
220 2611791915859228.305847658414293650832277
240 180436978239096474.2600471578841145997781
260 13027358509846483895.88788076967727889314
280 871587648226444800826.5720632140235448801
300 57678760360832415844914.78588781253195738
320 3941744363269469865157174.795198166637425
340 283060959890772033553349808.8631153089808
360 20265530777229688693355138235.8587673626
380 1444449081221513724977788141858.824423868
400 102347142068079454970382053996299.5169519
420 7239474947930555370552246930001105.365065
440 509427255105400579614846646150039450.7391
460 35807378718309361386881067955980332775.16
480 2505217724452454487499336875362593072126.0
500 1.754841909078559058489949320439794744453e+41
520 1.294297654027954408462002423616433734396e+43
540 8.989805629284435272950717729450370492044e+44
560 6.242311906854231569142092656215995112109e+46
580 4.318842059834518760610862956630493207862e+48
600 2.987960758136753632777368822293630795433e+50
620 2.063773539931375652127673365146435137324e+52
640 1.420797778534416846267938358978833540392e+54
660 9.783861981790892373049881571435904380183e+55
680 6.716672262568057291002763820557055912034e+57
700 4.612849960772429620767014284875691064881e+59
720 3.164087485987306224416868551367880732366e+61
740 2.164189815397795440734772490680727739826e+63
760 1.481113502832487041035876424484983206782e+65
780 1.01089238804199392626771371383397425125e+67
800 6.904110227648137905813394885177860827033e+68
820 4.710806631407294966124533763122265157533e+70
840 3.206104605595565850047087740284650971942e+72
860 2.183706758276566730662255893937811320113e+74
880 1.483699414256255193895694667141632698979e+76
900 1.008923058576189749470479385316215757005e+78
920 6.855489318462391159285344461031813325036e+79
940 4.647361373635641023737343645093743325101e+81
960 3.153310333485400002798132461856669000653e+83
980 2.138127502359393091032764826482110209137e+85
1000 1.448833187130635398402628331759803937926e+87
hashing_time
100 0.01201684467413420892075245332532463132442
120 1.346207948871225244763412113647663869559
140 165.2221846988874034042090185990555766459
160 17198.99910485017642124299626271079678958
180 1748023.102567302872132085629416583277245
200 174324026.571091158498200512326394871292
220 17119071657.11827945347043862857285411536
240 1659829351063.450852900161898159552126568
260 179115961882390.0732874261735009559257453
280 17024333084109360.47577503449562541331142
300 1605336350227192589.456836631223743061913
320 138474666604153484341.1962007255746256841
340 10505340744242059895327.8279484693949501
360 790207152516707519108478.2482876255428987
380 58988553096462156653496621.96532488156963
400 4373532824358623980196907550.162649893769
420 322274665541260991818361387150.4749210951
440 23615615156419282531213332866351.25588441
460 1721742428692430820385463218955422.845709
480 124945763258697344626787222472282817.5554
500 9028687920026497234064385349377313850.014
520 722072350308380611627576971721123729523.5
540 5.178498798566840234161959148746556712665e+40
560 3.701404553315875434365185648513413008793e+42
580 2.637372649375459096650863149842620213272e+44
600 1.873747035488538549798665021263154282327e+46
620 1.327602513617884128833037690271231222346e+48
640 9.382487502213814178859262969630562999697e+49
660 6.614986315049249049506466466120347358693e+51
680 4.65332092953990854622722326398230951281e+53
700 3.266456045113611285293709016025682871964e+55
720 2.288348896813621939077578980519929528563e+57
740 1.60009898729034878838798470025965094783e+59
760 1.116848870920829690146331230579978765115e+61
780 7.78225149265744548781915041654211401468e+62
800 5.413980395995805994936039859750706470135e+64
820 3.760652184081992976915243397699593153245e+66
840 2.608415288587499739716030307110635143998e+68
860 1.806704517370925560818422648970495475195e+70
880 1.249746816722052005185522233721188032667e+72
900 8.633905390414141008746508149882238759257e+73
920 5.957540272269630400915430352843881681086e+75
940 4.106044995083689615968182132219592020129e+77
960 2.826822714796811947179002173110586169735e+79
980 1.944067851663306623875502957080198678701e+81
1000 1.335613707627856304548194753272032190626e+83
classical_time
100 141.7861565329794222623882615652769472324
120 31326.5260729625043824537086425583663433
140 6335499.005297421430525310689538089776595
160 1200822815.888578110175590646633311974162
180 216585479888.2642649306102091115825507402
200 37562989237797.23912768801456847469590293
220 6311112276712546.89201950103814805616323
240 1032899329221925358.076910582738637892669
260 165361562871957713726.7789827653285417339
280 25980658931199085461812.74157878339584719
300 4016310791521938205530105.325724605092944
320 612169394497551787431871512.5836562477462
340 92156149197921222498459909541.77993802011
360 13721445487979637164853761737691.89106763
380 2023080893495009235882650261306404.464522
400 295665330930081951510457561727701234.7783
420 42868037165422162250808305633314846354.3
440 6170683465157168366114602495196776556634.0
460 8.824238019899223585600007977027174617734e+41
480 1.254318542265017505150661315786508568039e+44
500 1.773119240497110910109033769152021850827e+46
520 2.493763821724351450494516602094989482468e+48
540 3.490812828126027777321874348698369719867e+50
560 4.865193564900573615443213123149938882552e+52
580 6.75318827268326696382189682417569070928e+54
600 9.338392794589065101579926394344568927194e+56
620 1.286760191361556249167962886958665607797e+59
640 1.76718784547897906551339424745772613828e+61
660 2.419445702770716930073194108436196125193e+63
680 3.302764811402114941542942032179898496851e+65
700 4.496158068212499357016571535958915649729e+67
720 6.104849914823922028671700924069033648913e+69
740 8.268747492822086931953400181425530583041e+71
760 1.117358839285059990226984232058666303234e+74
780 1.50655942606759652631002976986813983836e+76
800 2.027071206944753822830362239832065519602e+78
820 2.721985317058043930202195182704899511992e+80
840 3.648196671889116766501974918580163432111e+82
860 4.880733771190281045512650285498465554406e+84
880 6.518421812594979312756791075011611754105e+86
900 8.691283080758181654295765781850562350398e+88
920 1.157019922609385851405884968015186489175e+91
940 1.537951627078841740126419063329687566876e+93
960 2.041347534973620832517123879438633774303e+95
980 2.705761367390308593396926943023518879769e+97
1000 3.58166182049094328751197707770087280491e+99
