physical_qubits_baseline
100 1251695488.0
120 1502031488.0
140 1752367488.0
160 2002703488.0
180 3641637188.923076923076923076923076923077
200 4046261139.692307692307692307692307692308
220 4450885090.461538461538461538461538461539
240 4855509041.230769230769230769230769230769
260 5260132992.0
280 5869653120.0
300 6288912000.0
320 6708170880.0
340 7127429760.0
360 7546688640.0
380 12399577547.29411764705882352941176470588
400 13052184944.94117647058823529411764705882
420 13704792342.58823529411764705882352941176
440 14357399740.23529411764705882352941176471
460 15010007137.88235294117647058823529411765
480 16096244540.63157894736842105263157894737
500 16766919471.15789473684210526315789473684
520 17437594401.68421052631578947368421052632
540 18108269332.21052631578947368421052631579
560 18469693440.0
580 26357536676.57142857142857142857142857143
600 27266415305.14285714285714285714285714286
620 28175293933.71428571428571428571428571429
640 29084172562.28571428571428571428571428571
660 29490678272.0
680 31782875085.91304347826086956521739130435
700 32717663538.08695652173913043478260869565
720 33652451990.26086956521739130434782608696
740 34587240442.43478260869565217391304347826
760 35073404928.0
780 49380748313.6
800 50646919296.0
820 51913090278.4
840 53179261260.8
860 53673544940.30769230769230769230769230769
880 57002259925.33333333333333333333333333333
900 58297763712.0
920 59593267498.66666666666666666666666666667
940 60888771285.33333333333333333333333333333
960 61489743872.0
980 79274065430.06896551724137931034482758621
1000 80891901303.17241379310344827586206896552
physical_qubits_active
100 42886400
120 51462400
140 86455296
160 98804736
180 111154176
200 123503616
220 184911104
240 201720064
260 218529024
280 235337984
300 252146944
320 351289344
340 373243904
360 395198464
380 417153024
400 439107584
420 583531776
440 611318016
460 639104256
480 666890496
500 694676736
520 891929600
540 926233600
560 960537600
580 994841600
600 1029145600
620 1286774016
640 1328281856
660 1369789696
680 1411297536
700 1452805376
720 1778356224
740 1827753984
760 1877151744
780 1926549504
800 1975947264
820 2376967424
840 2434941184
860 2492914944
880 2550888704
900 2608862464
920 3092898816
940 3160134656
960 3227370496
980 3294606336
1000 3361842176
time_baseline
100 5574.36969596027550878425348758726168285
120 1073991.631988651655357232808889435031362
140 244626662.8905054369370309215407208529702
160 47247839344.96614741099628580360264254704
180 9874413056520.302862244156083110312728201
200 1902518792582442.348015735167174259490475
220 372125827653348663.6198623799067894742293
240 76141182023265628592.09143926422360666858
260 15780008431640376305824.904600012018933
280 3260585519331759042945368.496298514609577
300 628222175671092466972979429.4488090546416
320 122907933842485094761687339272.8412611088
340 24952707827785116721194022989628.17318244
360 4807677733995719741620477122530080.649939
380 984908826023298179407974149216519744.2068
400 189763943279088749409995961158476558831.7
420 3.873770917638039555253363025532296439553e+40
440 7.463655774707401505955403439376038927974e+42
460 1.438034378070299244318577540312061394518e+45
480 2.926290920124540722279642086835457408605e+47
500 5.638131058554981625268730534163173519904e+49
520 1.22435004973127200840405196851042213153e+52
540 2.358974630464730700920526730624771989873e+54
560 4.589681067399783386011791803829466211723e+56
580 9.199216188526229206789473239018644654637e+58
600 1.772427551553319180522153887169027448049e+61
620 3.57910086336937411316711612995180443891e+63
640 6.895910314550919246503944560562840959818e+65
660 1.343325069525641500331175565962388189065e+68
680 2.682983353727034332174451781312774167818e+70
700 5.169346517191301914698930859046884455356e+72
720 1.039659020566087930474074934517969873212e+75
740 2.003127499678295034075192427963520832136e+77
760 3.890971198365508879735384675159085520516e+79
780 7.748444333883002610640687031810900019756e+81
800 1.492905040777360728196755830122561240142e+84
820 2.992361533605109704380409529349614627063e+86
840 5.765430355887481578996951182925848288512e+88
860 1.119201949071148929170354932118836814016e+91
880 2.223200461122713148582100649873458846211e+93
900 4.28347553657321296715099855286694453078e+95
920 8.560924854824499223536929348800148935016e+97
940 1.649446949447094363894348593736873984023e+100
960 3.200232096471178650192824255728838872073e+102
980 6.343344973763595399117562311272477210313e+104
1000 1.222182321851406105809134364911388009318e+107
time_active
100 55.28724947810791458718064414580206391213
120 10652.76793367562309029998337145139622092
140 2287038.851579353653410872660753237169695
160 452803580.6458179913031221376920619550202
180 91443472164.06566023676887643531389414851
200 17619008819393.42341393928447561847986808
220 3717890525461920.804306687848231963276993
240 733073782360770483.4485122997323205942779
260 141244846335093986836.1810432090566084382
280 28328993363878357025751.63037734339492804
300 5458259526820979355354679.030977581263734
320 1137463918620435293729041306.29435084398
340 223600581006373820327975462205.8534050505
360 44618086692550912393877631550103.16442326
380 8596703463965674412742239712341448.529715
400 1656351922520686148088993488434347513.09
420 341916151509306186455590262851470318982.5
440 6.705734973517306911229953490985812575395e+40
460 1.332801832503856120826283478474841435397e+43
480 2.567939424342367456506869463547810520099e+45
500 4.947711467539973484627240935479322479895e+47
520 1.01377865957970082008698992219013004136e+50
540 1.984587816597314934614798114812100385671e+52
560 3.932056979970935871881989867756932200412e+54
580 7.575981244801096134538967702343016877729e+56
600 1.459680762326981298936008942257451220263e+59
620 2.973011036261010581366601535851609592602e+61
640 5.811315941273690249652356096492859166256e+63
660 1.148435673940633142034430659126025576947e+66
680 2.212714499363794093658619606436712291433e+68
700 4.263281694199607155452580593724988954076e+70
720 8.640612527359541746589711088601696864954e+72
740 1.686882564057233985362451634261125886486e+75
760 3.326505330430427266939751399409498709191e+77
780 6.409237213118043381787506152089677319397e+79
800 1.234880034548606649074732020081916611527e+82
820 2.492499782761986646858023446824089763598e+84
840 4.860969216367960787362372744647346475131e+86
860 9.568457550722608192613500430576604041953e+88
880 1.843572516815339144655215470956146648016e+91
900 3.552045238044123054074134652142841745228e+93
920 7.144438071382622666782706830189078265667e+95
940 1.392097299557175516447461563170008288163e+98
960 2.736009124280530610567523285226559107574e+100
980 5.271518265111994571270009703099836709519e+102
1000 1.015672911128608898595105550415782107297e+105
reaction_limit
100 2579.395678785664457097870925002856118419
120 496961.0664511358983639326025884813546536
140 103606151.2733908367585438366453837234158
160 20010763661.27758557973866889263287554939
180 3855503859032.615530978053443640080143001
200 742846032400369.1587536303107777992219337
220 143125318328211024.469177838425688259319
240 27576181473807724273.26410285779533265468
260 5715069728369810089368.389614198221904799
280 1101131534437505939682445.334330374309848
300 212156756558581425817194873.7013481100409
320 40969311280828364920562446424.28042036959
340 7893622086206311370074017937753.219523743
360 1520876668229648499976342220307819.630564
380 293029716232303028573099222668464939.5463
400 56458499488437566086565626139884352748.17
420 1.087794850799064950849438864466662354297e+40
440 2.095871566100191197202721829746178366193e+42
460 4.038148938065499196968694479321330278077e+44
480 7.780365509868192365874388370870268145511e+46
500 1.499055344307013956130866213108464110758e+49
520 3.090915855569687402026942586915687614395e+51
540 5.955316528790471742011879848919213919394e+53
560 1.147420266849945846502947950957366552931e+56
580 2.210752799474451674793975935236050956523e+58
600 4.259492429745691138077950776445369956201e+60
620 8.206831520635838670458585368997400531954e+62
640 1.581223225982431775212464195346001764514e+65
660 3.053011521649185228025399013550882247874e+67
680 5.882285648346770853948154476027811070484e+69
700 1.133349291458161379692760319690444685465e+72
720 2.183642028349490037191992670143013018795e+74
740 4.207257677674432939010396437334871176718e+76
760 8.106189996594810166115384739914761501075e+78
780 1.561832464162608231931721964602715848852e+81
800 3.009207342952683295325031895012452375269e+83
820 5.797887443539190433702303218874815699203e+85
840 1.117088155679085406333264366170232633138e+88
860 2.152311440521440248404528715613147719261e+90
880 4.146892537933443031982136431443754173443e+92
900 7.989883525872228593247972381051789268654e+94
920 1.539423512257520361931966310861507477366e+97
940 2.966031660433670195102832229423113355994e+99
960 5.714700172269961875344329028087212271559e+101
980 1.101060332382593983330416310423724375143e+104
1000 2.121430379548503575709649258970182332014e+106
hashing_time
100 0
120 0
140 0
160 0
180 0
200 0
220 0
240 0
260 0
280 0
300 0
320 0
340 0
360 0
380 0
400 0
420 0
440 0
460 0
480 0
500 0
520 0
540 0
560 0
580 0
600 0
620 0
640 0
660 0
680 0
700 0
720 0
740 0
760 0
780 0
800 0
820 0
840 0
860 0
880 0
900 0
920 0
940 0
960 0
980 0
1000 0
classical_time
100 88.93222821478787192415017757483510908168
120 78371.12658090400724254819888381532217149
140 67140893.33514494116205915461694571283612
160 56343473968.55709667527950001585489599188
180 46542272571963.67209249768908557415863352
200 37970589329236700.83933106492863717656012
220 30667304769362980198.03895967114620218163
240 24563754612688931721258.79838384313060927
260 19538156592428874641870413.31529457036952
280 15448701211954667333286759375.95699571291
300 12152803656301099951490549705892.30727297
320 9517535888666429787283281023240471.927549
340 7424567515373813384770595732617007828.107
360 5771797615193621821015494404903239156346.0
380 4.473087605564903513276715367035623199996e+42
400 3.456989390048987303642614289278581654926e+45
420 2.665021800500940251097505118045222689916e+48
440 2.049825339967915086996818321088061283951e+51
460 1.573381707681981243341581258327200740763e+54
480 1.205394047432873859722330752073781243528e+57
500 9.218682780122419620845412421714502775054e+59
520 7.039030522130550460352639976738326529262e+62
540 5.36677670962694907810050396174316928212e+65
560 4.08618212290330016295886434268092510951e+68
580 3.107186423334005354158253905269330526134e+71
600 2.359934346078170603231591909187518173687e+74
620 1.790397524717372804770703638437668904984e+77
640 1.356896243125083626139378394432188518774e+80
660 1.027352037633359595983862733203940952075e+83
680 7.771283722343242681269392335723070537184e+85
700 5.873408741002624865737898361279158833681e+88
720 4.435400697906066845502884140745539071314e+91
740 3.346879843191784220514187165570314178051e+94
760 2.523654514763132691077621471854760373732e+97
780 1.9015979344252011006001201454540570113e+100
800 1.431929895235212950630926268164794507103e+103
820 1.07758910868705944401883505500140426546e+106
840 8.104497689299479201548524982655955237424e+108
860 6.091898441908177957218379394066270141686e+111
880 4.576612885840350935721150118808225294493e+114
900 3.436459598037058603910135020618007456165e+117
920 2.579073468171053495090679875186416531494e+120
940 1.934687499703440782872397906021992390858e+123
960 1.450645272642546863900500119835474355357e+126
980 1.087234017012598788815790798895397013643e+129
1000 8.145239570221823394685875470578257400012e+131
