physical_qubits_baseline
100 648124403.4000376690674751487251630777872
120 2927285625.367029398625505495087093008391
140 12780868463.46154521896961914231861243664
160 56656783426.28937699942381912367083135419
180 402538353119.0212465196037062937371966999
200 1786246185763.426742431606550438068273933
220 7917427360962.174295198993200479021316132
240 37004500384121.16626541814356788813429854
260 163780048885641.4470021209291565549642547
280 724566997867948.3327708960818671581416859
300 4916527612088103.297479415782032669827251
320 21738817197954661.78105588459883370435853
340 96102934988693331.7609987973733273379194
360 443011673647016669.7700008373423107680852
380 1958004846479039252.829738105127490548729
400 8653238304893175345.358021724668050722342
420 51401839891967966053.09433964052455222876
440 227142332746163096537.7850792226586779188
460 1003696507766380902157.259390174361918313
480 4618117617867122839520.671936490790765378
500 20405582877764471015078.66568611588798627
520 90162581917321711051741.47029126797399097
540 533674804857771364470930.2460609409197516
560 2358007481564755028342976.346635528336238
580 10418634938559653386314680.62255027448873
600 47600446809895630633217343.92962508152635
620 210316359394709454995357211.1684872331697
640 929253054121140812289125493.6861225828542
660 5093858257414427472243809824.662107079378
680 22506427006534024087347511901.90738155955
700 99441107464761522499877358605.32174815988
720 453586083560759214661260459082.442689857
740 2004097841903862236307756106301.877106469
760 8854787739432332711812239656244.557201405
780 48845554875089228504914331950020.70550521
800 215816434835397584679566614092891.4900171
820 953551484929091295974437799118152.7539362
840 4330288759256058086441519751432008.692527
860 19132726982936343066436113324538696.69629
880 84535104824343142585759133245898556.84344
900 442557041776532876194909288975573406.9217
920 1955374240598257072532140999310239403.178
940 8639542134899865449507419953565919663.588
960 38042372904485740807437195387416304844.1
980 173131797099462615929449581046107867483.6
1000 764959165446280756714224425449285535776.9
physical_qubits_active
100 81650274.43093277631769213485935741508373
120 227198746.6318581579321675896696700395672
140 1224186948.628783282563945579409820804977
160 5181696043.732029426682037594485389188048
180 22729826755.75275629158752217028700240936
200 136841850897.9791968919910346743211785795
220 606049644563.947744598961877547469555307
240 2683441854421.178167969647110361107777474
260 15511781418798.07119220975133706180941517
280 68623697490332.39703638527449426285026696
300 303495673088241.8568620362474774283923377
320 1698379207458689.7276642290516499913988
340 7508191302357795.304174144706206819438874
360 33187767429845543.97824288210332634722352
380 181088806755479718.2390591894537391965286
400 800306801277252744.499900700127803849622
420 3536678995521580216.868513355288579585712
440 15628419504010295009.67190617578189699404
460 83561218045114828359.49976198330846981801
480 369230498067713958944.7100928089022519899
500 1631479349975006582870.765765305098055865
520 8578987558514196064711.584367290094765463
540 37906031439666067130934.70550507827541444
560 167485339231970213198800.9615635684241665
580 868493659052454595375178.623989324238712
600 3837339292379414487737423.090991880746216
620 16954782650647945195114418.21047746369024
640 86880544723563169206799670.95071543634817
660 383868722582463568615742774.7526687478264
680 1696064740772542350520593065.161378536231
700 8602571096082477868692518044.289058829484
720 38009093706360098543376444445.85626298104
740 167937124683487380593302087358.257659666
760 844235081756129995088403043237.6933088693
780 3730119321991071720732635589139.308416965
800 16480948074832837701650014571765.8790622
820 82205277810715350537362192258284.36034368
840 363211440931892699641668698021225.0422959
860 1604794904629567332906637880859265.82236
880 7949264091307312226973689466929096.657251
900 35122656269528864054607236177146373.39484
920 155184373646238852225565618316328743.4737
940 763960697808265674137482495767109246.7807
960 3375452902886921545065673046917934904.782
980 14913970567671456192235296849492255755.2
1000 73014226150063623509045207499992888307.84
time_baseline
100 923.2454630558595472624954389493413129074
120 108596.6934932005865241507343507431200606
140 13802577.47202510123138143253111980228633
160 1486035429.737081322260940225835028268582
180 172743087866.0097866685784556196806309884
200 19932232920140.39651506037757714417273084
220 2131674777448700.87075068874944348534039
240 244367591261492100.8735099954327671332179
260 29895346283283628875.46143744493494673298
280 3192802276183093911986.44625318668495699
300 363257331304694355241832.4194880353386813
320 41090911995232269337718831.34435751987933
340 4386607242175292702402141234.742945687002
360 494544985340563728846719160017.8459196131
380 55593450221732864667607852884832.81957584
400 5933575767640053086271537924880971.059072
420 665244698865651308164210128070711251.9783
440 71805222286259387579657177813052330572.13
460 7956876542525335900976694257274683766790.0
480 8.880565451321938460627070040419983728091e+41
500 9.557397630881090758249159733394063643954e+43
520 1.120799570275977244622674295873845213268e+46
540 1.245924271621371684271662895454403611122e+48
560 1.342068968775098783084032526123994958486e+50
580 1.48056600692300575185371422228119347125e+52
600 1.640605039264257540704133941785083656065e+54
620 1.762787007593829630034538605891632058262e+56
640 1.936513283285165367386735361170684377038e+58
660 2.13998433913353860887533605791018600652e+60
680 2.282706400733326530063535287659135152639e+62
700 2.519443184416020375125794419182583001645e+64
720 2.782571126692705046232198104679798037834e+66
740 2.968011807099722290547608612146449739499e+68
760 3.268536321337143052844851607479976366244e+70
780 3.595886561079542222172433690631700688557e+72
800 3.835383850161401541354674147704261803831e+74
820 4.215479252500054033818027976266408989141e+76
840 4.629131917680487204941063692264224354541e+78
860 4.945929567237996271455068190106259411672e+80
880 5.426610918488031578277855755009687011181e+82
900 5.949293101841982564402882715441132447502e+84
920 6.345034049795494551838683428553997302882e+86
940 6.950877755963809578680924312200290742775e+88
960 7.451180769527736147066447954979974841429e+90
980 8.115020567047164292297347672579915317979e+92
1000 8.892619367341181997123901721481328372529e+94
time_active
100 9.706848931599767785526430652065281609975
120 1076.180547123472214265545153280528824496
140 135672.1992758241628792703633904075776552
160 14572535.01719457867026076457543765358429
180 1608650040.960009303204109223909933557489
200 194446417878.0660490495622462596948792264
220 20701957466322.44604407966383294028144524
240 2265781759945277.232828584373291960319254
260 268762518344492129.5891912501061775188275
280 28583029521977162671.7721542801213920369
300 3114985638831278115914.695537222613550071
320 364542839106196737899348.024517976947086
340 38755088564924824921529795.55640823076547
360 4210739706190646637922618253.047583346527
380 487667312903678310270426022347.354060926
400 51836524012471748212974990191506.56204184
420 5618967553153067331730060180473542.232839
440 597236041266397124343002585860335143.1046
460 68593179710605812012822527386296125605.8
480 7421587493909557296419880089717451756606.0
500 7.888030746549414194591374615074688682691e+41
520 8.997796550721942570944721621857115571156e+43
540 9.720565126049369860669489084144900725217e+45
560 1.033131323543156600923781081669311165555e+48
580 1.171764323096661391928968772245879052103e+50
600 1.264275674049584967368444415348073607647e+52
620 1.343700783139617097595511523025271003228e+54
640 1.51662412150151406659425858604528500704e+56
660 1.634584481774110637509909550138171661921e+58
680 1.737268704071536973341887239379799382322e+60
700 1.952663637274363964622712288323769998147e+62
720 2.102563357017453283820217217924156210988e+64
740 2.234644619984989565804123216551840646982e+66
760 2.50259394515243878833363496829355612894e+68
780 2.692501927370501786303029151139919502267e+70
800 2.861643517365026202799897132202209046895e+72
820 3.194565514390671935639816387818555521707e+74
840 3.434501789269723687286778541032151058547e+76
860 3.650257742138880432153235177641864725537e+78
880 4.063437611033155006935896089010625472432e+80
900 4.365831701163058587656016917880732970476e+82
920 4.640097247193362583984505146115859709179e+84
940 5.152337714726887972011608292104510275481e+86
960 5.53259227542817455094532715016656806134e+88
980 5.880158815705576204440358180192350761296e+90
1000 6.514576353319683279997230394632914479767e+92
reaction_limit
100 461.6227315279297736312477194746706564537
120 50250.42951672863642470331979411259926766
140 5845781.273907373771489683196371909511118
160 629377127.027306199887076537091158414542
180 67448225313.78434043449329175556492329673
200 7218889640959.643940560477952053478836643
220 772031954932175.2824079413093278178633017
240 82525322392140421.04303875164210372346553
260 9457189177609954076.206856119758735936648
280 1010021233953902740960.97559317199917248
300 108076145371000214758687.5132577301529726
320 11538747497122438660439809.78073714788878
340 1231804064141158506650064900.659955916978
360 131488606086345785599787221430.5211671038
380 14034765317058700571689673437259.02733993
400 1497952396519492388155062114785728.802507
420 159871377698153051645411685718072011.5549
440 17096481496728425614204089955488650136.22
460 1824501074683871004749412794860074265703.0
480 1.947012213436942707496091564636134204453e+41
500 2.07769513714806320831503472465088340086e+43
520 2.354064225106187386837058564067706952891e+45
540 2.511374093114218614890929037705382415046e+47
560 2.684137937550197566168065052247989916971e+49
580 2.868688011223429022450112719836733075753e+51
600 3.060187441022262659531376393429943470032e+53
620 3.264420384433017833397293714614133441226e+55
640 3.482232291877792505969443664955958617749e+57
660 3.714524362308834314919967216028111356458e+59
680 3.962257249383865118995957588967325855269e+61
700 4.226455006601788756549320223777899395748e+63
720 4.516335136720397008207730093790412699688e+65
740 4.817320129630529615848821522415615650433e+67
760 5.138298010104586950100858803508867781898e+69
780 5.480593277664728563651536248509617991207e+71
800 5.845617883397811229071448983665705998605e+73
820 6.234877000825705230882118047491158054023e+75
840 6.649975174988311350265514635817417875025e+77
860 7.105070471511517577177198882777577159237e+79
880 7.577873035038899322321539063847263181495e+81
900 8.082041347297211308965733105074925053512e+83
920 8.61965049186111295295120602892303317907e+85
940 9.192912471178783181087192781351500427253e+87
960 9.804185223062810719824273624973651107143e+89
980 1.045598222922131743303504759116268980102e+92
1000 1.117005082914218079983161478278214040548e+94
hashing_time
100 0.0006121364458874054483944133102954572281909
120 0.07956821145023541123738221017712481657726
140 9.968469938492750717249800422282428536199
160 1218.061075078554375491944305790616336813
180 146176.1692803693231627897457333951583144
200 17303660.57510488553277981640013943999539
220 2026323252.166427259545633282818871849671
240 235217561618.1515282669510060628342971469
260 27106093630652.20964693857279340638992871
280 3104492965782236.426352643211121241428657
300 353690684616096756.3454162641734337500612
320 40111680744893105744.29575886858681939868
340 4530852776498601116577.459597818504996512
360 509981796634643805672680.230817710595501
380 57222238401252557430752016.87504438502959
400 6402557146520001034964446748.856298130865
420 714565601547876138812764740451.2948048098
440 79567365009573555716151866214458.66208572
460 8841421032447964243666588093915709.608034
480 980576894357991025100721189905181047.2683
500 108563092384509881596722824184124268407.3
520 1.200007575872939454212487503935728636204e+40
540 1.324464492235029819052150166436799054315e+42
560 1.459817621543027449909208634048465583692e+44
580 1.606945563169806253385990968475694703772e+46
600 1.766794226772733812980887739182896347661e+48
620 1.940381829734897633401291212130367395709e+50
640 2.128804256475098353696813575068440208949e+52
660 2.3332408052964471462890801482151138144e+54
680 2.554960350274913399010405482109454927751e+56
700 2.795327947640417399853291832921674990393e+58
720 3.055811918184101210396161263167284021334e+60
740 3.33799143944681390038840262897219146969e+62
760 3.643564683813910292063562606389554422215e+64
780 3.974357541173797202557805550114601382378e+66
800 4.332332967504347821419828113238341978095e+68
820 4.719601003640167709147909015051651738379e+70
840 5.138429511566194119570869291424539965512e+72
860 5.591255678882734071765753414849701054752e+74
880 6.080698345619831740089321107948986722009e+76
900 6.609571211350730808460991276678271558868e+78
920 7.180896984586270644661005226899069653298e+80
940 7.797922540750111958870451016591544447041e+82
960 8.464135159629905384193842470025531767722e+84
980 9.183279918145401373560414780944900183128e+86
1000 9.959378319516918226423884985765245511923e+88
classical_time
100 0.4823750328046628870095164657724594010902
120 101.637710479520681431724493847308695075
140 20742.46134849401712162600095256493158764
160 4143575.441383937943473459759286793419271
180 815100280.0319975480446907446652597318763
200 158476344463.5055155551321293973372433336
220 30526816756287.36067616233812904031699771
240 5835681235073482.236084883389983242407999
260 1108484607783369195.722789281036461714931
280 209413281783432171570.3555723543354297324
300 39376425773750211395691.36573518590118138
320 7373675777695432239958639.433349863153787
340 1375810832963697660456103876.999060383419
360 255879632121573271658121006434.6029502478
380 47452851996742310658188072919133.34214824
400 8777352295720174603623578694050691.79582
420 1619743981276529127371677672737894509.559
440 298265635620152075022284101539351468906.2
460 5.481688418236257552424460970502123337954e+40
480 1.005657245511872406584600269718226760011e+43
500 1.84192498892030096038991454417889440073e+45
520 3.368487002181758584399105761658360150412e+47
540 6.151590217706782974474185737223217414377e+49
560 1.121948466125072025363162108726747901963e+52
580 2.043762066970573050521195536860222254229e+54
600 3.718730573271234358741763129645500864816e+56
620 6.759237549296519013283505256754837356254e+58
640 1.227348855529726914768513318093537266256e+61
660 2.226546410816378788472100493620411751769e+63
680 4.035642679267621869633502557125942925334e+65
700 7.308574149257483497023743733314225720628e+67
720 1.322548389034750039355605041782836844716e+70
740 2.391485758302664503991691210837192537464e+72
760 4.321338140053327067822565606556888530411e+74
780 7.803304234076455649441739662892677761805e+76
800 1.408196017477439239440736906523978584601e+79
820 2.53971720532868388308077153091428120279e+81
840 4.577809624297512422014890991542702554146e+83
860 8.246920113436043953365334442094051473726e+85
880 1.484903837663473372400015626236880887533e+88
900 2.672313628010349121339582684542767660068e+90
920 4.806937727066114127379675815734400499189e+92
940 8.642718284758165685258169838606268410038e+94
960 1.553249703972863467327861122805504999851e+97
980 2.790287979941003459540095022108855424184e+99
1000 5.010498125443089775425407931660663919872e+101
