physical_qubits_baseline
50 45100317.885487794779213105328364996923656827558968
60 63949654.466973264982578007331110656373756793516601
70 96931918.449578426618717313302595133395996730370972
80 160952843.69504153636600163591133960232762967813378
90 299832367.45442957958594659137197402645274250234631
100 573441004.9084995791189571510941722632256271010664
110 1163545389.2869436483005010549886061967336333810251
120 2447932093.7037802991543270282179775301434530524782
130 5729782120.077486550549553295850172943046804701436
140 12415728353.036268467442060631749436725368851009804
150 27063090953.739346425942495791881927413683483700055
160 58352815066.899638152777781922878117137413756554591
170 127693676780.34493506558633461621343945847006124884
180 279637308907.91850266336605210722674226983823320121
190 994117452501.29320008321225341073456208781545448154
200 2177897809664.1952337504054144561898009799238397307
210 4770993132663.4453258046864105751062326448062655335
220 10266043666355.364164855997795992662364400879634475
230 22484644223483.987593305337787535700082159501789926
240 49240593860547.956661362506180881202472781395004255
250 115838063314325.8570680881164604806924472637091527
260 253630038276107.61348441007017518510388079534493812
270 551373271271346.05002697657268750605466270720741543
280 1207022556022708.7154297888035581928138900249897688
290 2642094522502674.5504751876856231799727150585140713
300 8935325422830065.8462315861275463225537476006633139
310 19555801484176766.145973449602883611125706126225117
320 46337071297678361.865909248814173190324059466194279
330 110509596818037093.28738835143777145313300714073991
340 267318364820831349.33295959474939092208029518068328
350 647389920037226978.20038186525227195161261144020722
360 1658186483504538829.4516246993768967044144194910799
370 4024385925775648392.8868600761048304028122576932972
380 4857867721898365208.7565759874598082963757958218496
390 4724977805451401448.7861128128911371135471006651876
400 5226994619219612758.5547046629323384668857084521331
410 5601969591341949781.8450930693016890249547387984933
420 5689947265370246869.6579063762509456298250175691914
430 5704414595498104014.7760825575717905459115710210747
440 5727300104783233721.2967084503179239787874935100946
450 5742113128840876887.1589482040546378438277236304109
460 5740748697926195646.1672018217157066291720485578551
470 5742224256135736334.1737965588349445234073078363766
480 5742355469598831221.1526159300918410827391065012634
490 5742454248553701190.0011465015233853712499019819066
500 5742384078543401112.7975320524422897384857278301546
physical_qubits_active
50 14343015.921802895718132135479040209569537376778358
60 17623146.630331775202414805025682229362988489374222
70 21496008.239038675821492731357382757888167621719359
80 26670622.351561375050736634795757362089756421625532
90 54223732.340451829828494026729087043993527383457655
100 76575639.757321436374190198484349545642836658358796
110 120432999.84283098785761371577010302349212702188117
120 211465892.98795816397053251533722752803855765797908
130 405961827.49685441644662503729311792360908554960344
140 827319908.69254747294306902505427020077550854607988
150 1746019255.1409544157612973874392060853298406797791
160 5406948852.9490164093789610880192958604484036399627
170 11739755165.963035899521186428855979266172172889628
180 25610456877.984958417949753804461755948578393904293
190 55995600404.520569154125821071146537128435563755089
200 122556687441.24307657318473497903613969949595831259
210 268353647136.71268770742350314141635233995306730775
220 799897921509.64204145937025755745700453997313527705
230 1751751588738.2947409729118467237667790553506958766
240 3836085549952.3718225862683670320809557492660655143
250 8399830146034.1561174048356737899429225540832385972
260 18391412206862.489176080049483661220999125374623704
270 52590242488740.63070302012019672188896931931635557
280 115126099826617.48701565794847648932949174604969479
290 252003315779443.08082028615779416321647356742906194
300 551574538244041.36342463032903195125961205597206766
310 1207172508414227.5409891555108686327232106361800784
320 2860370149644088.1184726039466004982098169784382846
330 8746108611940089.5961683408050737981879479657044489
340 21156491923789597.300951571558556200485449408917815
350 51236657360918633.921815020398583913770097978250329
360 124221347042472448.5742699403933005304262000126206
370 301482761263913063.56628153744635741682719657751592
380 452104953716466688.2044277326626159419614514492182
390 439737348663443812.45101096443844924276845981062704
400 486458317851014242.3969013180951455064574879899612
410 521355942073868591.70266105810159972312282352708174
420 529543720033899308.11148500476974831361796347782145
430 530890144443400481.22625244835475016713928069065376
440 533020019681870715.4301264262743530924883660781847
450 534398616630207255.76165176398833297755493007263015
460 534271633776559207.27475121653938637777310828830667
470 534408958891661454.64623513809538804312771594568419
480 534421170489179169.58144401396852871872862787354708
490 534430363519156175.52360600293377248685434173866046
500 534423833053072683.92717841344274450800239440020052
time_baseline
50 0.4952212808219177858094800609969782367717498704074
60 5.5159364120547942709414075116537149928339116840643
70 62.513063736986298541028844051281161591652814783866
80 628.54559769132417247036691007313317918528114350754
90 6782.8773712438353095003478621309356544040211508828
100 64320.65009560501992041936289788546579758095137546
110 595688.28764422394564671994692167378624371861475604
120 5420821.7189364381108619653245250975220789491386655
130 57335788.783240957080104831852750461994139847457063
140 507535453.1466012616601552760827829530609142073639
150 4454170390.9696743712143521621315296402898598509587
160 42148002962.513718730287971153761310269011638453576
170 362574351368.10178748323695599294316545725951347167
180 3096082575877.3994497813490054232063914786908862785
190 28452619880194.054683324881918356280045560473239826
200 239943713311108.51849199853410982288067363663318279
210 2012700856549173.5375734096101239891695448619069773
220 18093823717999317.362612320233525004981019660748195
230 150696707544216538.99579626563212725304587713396673
240 1250019295119004390.831772737863387247255209024621
250 11044852540573631761.980585949511509807977313350547
260 96696606918567969019.392167813252536624944837074705
270 844898059342216877193.25752570055830268018142036799
280 6900724058594111981873.7307426779778790840728687959
290 56208193547889667865423.740561122006907514964612085
300 485208450168092793683190.93414529059529827077998005
310 3940435306092429325892319.5990863780903905938307878
320 33158970975057885144797112.289065657188403032599439
330 297718101884570886205117562.25503523263886628896193
340 2521251343059784234985795251.4437974233742669824404
350 21366351632840692477210823460.144505544272119594471
360 190535208674047120936971998165.71881614417021386956
370 1607896665925573928625644186419.6519321181473739097
380 152181361826764290778598438971657.81634833187921311
390 2018623023971695652906477959300805.2794782143359959
400 25191401641856048183808008918304341.522134719067905
410 318629200264567763083195011131712153.75164024134983
420 4137889694584196988091115877726235291.9708319997191
430 54064554176780983943740713834114772599.483119522722
440 705576958552188908610287533037984121139.39958704357
450 9211030706817426961388957698370509034800.7707943821
460 120369138972321230306219867834047350048457.61330821
470 1571997480919374826209932646299801125826040.8840698
480 20524981387389160734312758115923089269644643.677492
490 267894726119585694272693566066679322001664428.74909
500 3495479032640241314585263202389006652370605988.222
time_active
50 0.0032618850765774503752877822323649477538884704638028
60 0.036666624268408812005777244697342158106655606207384
70 0.39202765812221799451822800708833357370364028841099
80 4.0640616604962596459843007296612505460502587626517
90 51.921470097655388818663473349898202464465004848864
100 524.72159749730382054529773574307898322540886163024
110 5203.5101567935534257010117613945277065445900450882
120 50084.349369095959144496909882903355712827599029319
130 466182.50964129375742035905367271394514183762009174
140 4215716.1358296349787414326357026944610316696157233
150 37309957.986896183029153357585545049495032739681892
160 390066403.21926002082006654906790176292807772961668
170 3359284897.4729746951942158519977049594809532702937
180 28670051559.302812358089633477688873946420230406253
190 242876076902.8910926621455678521327482491901201771
200 2044590295948.6923491467680928249054075120006858478
210 17116971286226.243602963422119872592482550697672826
220 166360984335516.07980500581241664561715684801798062
230 1379733441475152.9564120539476690453393275593709638
240 11396636362768824.920150164489851196522863827560167
250 93787219972705895.774685451514196032584353801357255
260 769174356358083015.81525267838113563172354005681201
270 7186618725279670988.8883419097140129599439095258398
280 58581387193745925541.742014433241252462513822563678
290 476223433207097395532.32891764577357147520151749059
300 3861519730735375932894.8051441062010379742144755223
310 31237363200258749739942.324523975518190610752413371
320 262351668264840087778383.55623017977399214986319224
330 2497877997707272243428132.1087746012140875637340798
340 21112420062097129951964634.863049768129594373470624
350 178225127873436578033020623.59399942514566073034182
360 1502773374566232654834398224.8673242079914763987623
370 12657233406144405163514718133.89498856165742054231
380 1262081004897664770147144940762.922447261932115942
390 16773240435921307560552429364977.564084946324567303
400 208919076013228976276848842855794.31776198827044973
410 2642477741331264599985289804135167.2841036903244608
420 34316633268073167187224903627025116.059920456820074
430 448371903411543276218785358251254888.23875196943023
440 5851539677400889102498979566893929013.5355820099197
450 76389557505904341107601029253650775190.286938223428
460 998253676057379160451742112739572151295.91200859973
470 13036998332472354582007768284817878280865.465868197
480 170219196510366284820591302675815430283761.2594004
490 2221723087990056137960177407472901524472017.2176291
500 28988948691912710796097796700840790679519464.291354
reaction_limit
50 0.27512293378995432544971114499832124265097215022634
60 3.0644091178082190394118930620298416626855064911468
70 34.729479853881276967238246695156200884251563768814
80 349.19199871740231803909272781840732176960063528197
90 3391.4386856219176547501739310654678272020105754414
100 32160.32504780250996020968144894273289879047568773
110 297844.14382211197282335997346083689312185930737802
120 2710410.8594682190554309826622625487610394745693328
130 26061722.17420043503641128720579566454279083975321
140 230697933.24845511893643421640126497866405191243814
150 2024622904.9862156232792509827870589274044817504358
160 17561667901.047382804286654647400545945421516022323
170 151072646403.3757447846820649970596522738581306132
180 1290034406615.5831040755620855930026631161212026161
190 10943315338536.174878201877660906261555984797399933
200 92286043581195.584035384051580701107951398705070306
210 774115714057374.43752823446543230352674802381037587
220 6462079899285470.4866472572262589303503641645529268
230 53820252694363049.641355809154331161802098976416691
240 446435462542501568.15420454923692401687686036593606
250 3681617513524543920.6601953165038366026591044501823
260 32232202306189323006.464055937750845541648279024902
270 264030643544442774122.892976781424469587556693865
280 2156476268310659994335.5408570868680872137727714987
290 17565060483715521207944.918925350627158598426441276
300 142708367696497880495056.15710155605744066787646472
310 1158951560615420389968329.2938489347324678217149376
320 9752638522075848571999150.6732546050554126566468937
330 82699472745714135056977100.626398675733018413600537
340 700347595294384509718276458.73438817315951860623345
350 5935097675789081243669673183.3734737622978109984641
360 50140844387907137088676841622.55758319583426680778
370 423130701559361560164643206952.5399821363545720815
380 38045340456691072694649609742914.454087082969803276
390 504655755992923913226619489825201.31986955358399898
400 6297850410464012045952002229576085.3805336797669762
410 79657300066141940770798752782928038.437910060337459
420 1034472423646049247022778969431558822.9927079999298
430 13516138544195245985935178458528693149.87077988068
440 176394239638047227152571883259496030284.84989676089
450 2302757676704356740347239424592627258700.1926985955
460 30092284743080307576554966958511837512114.403327053
470 392999370229843706552483161574950281456510.22101746
480 5131245346847290183578189528980772317411160.9193729
490 66973681529896423568173391516669830500416107.187273
500 873869758160060328646315800597251663092651497.0555
hashing_time
50 0.000000054648060598490414454676898451535085746796580946008
60 0.00000066110671339696683220363038957662871635412123161403
70 0.0000089577725594533309252042446832299425159233174097175
80 0.0001009488707291742457625666143602919987378052274992
90 0.0011115767411503515448441663546862045021800616956627
100 0.012016844674134208920752453325324631324417768504987
110 0.12798100928478905317196459387172458651811058985745
120 1.346207948871225244763412113647663869558834199661
130 16.015026294624607125596069461711363579047088234212
140 165.22218469888740340420901859905557664585694470109
150 1691.4212058281410813282893993782852572272704630566
160 17198.999104850176421242996262710796789582094319625
170 173848.7698461085677672034210706609198280780226522
180 1748023.102567302872132085629416583277245211855064
190 17493369.918075830946228026441060508889181546216172
200 174324026.57109115849820051232639487129200613679461
210 1730514829.5122518804118939086872196918295034712058
220 17119071657.118279453470438628572854115363886088698
230 168812396020.89998264338531135110682251557582660625
240 1659829351063.4508529001618981595521265679609178768
250 16276434536313.084953821952684031569207453305898739
260 179115961882390.07328742617350095592574533986507903
270 1748088058064446.1716119012697256547652134993483099
280 17024333084109360.475775034495625413311417960060875
290 165469723991551141.70197581707939675561516366246716
300 1605336350227192589.4568366312237430619130256768525
310 15547638856245344623.13809875157693668296363225361
320 138474666604153484341.19620072557462568403890983022
330 1207485864563194732726.4420982450571516665458197501
340 10505340744242059895327.827948469394950110467254851
350 91203649029271377355469.675675438295901324341172558
360 790207152516707519108478.24828762554289647182447225
370 6833523143777524369452879.5038518918036645251859558
380 58988553096462156653496621.965324881569879881850961
390 508336234775126300148530858.44180605558915485445576
400 4373532824358623980196907550.1626498937675302557086
410 37570470426418256562176697863.033263198085962783867
420 322274665541260991818361387150.47492108784919058179
430 2760584550907903118873242784521.5007160734042346768
440 23615615156419282471456029518045.6494705985728778
450 201765478473973013950715915781861.14250731751376808
460 1721742428692430807825788814772080.3226717427175645
470 14675265685934542545902600015176854.318219798660949
480 124945763258697344045908103300878417.07562298912181
490 1062661238901623917799258076066120507.7857433079817
500 9028687920026497308813688269731303211.3150071423919
classical_time
50 0.000093067897761934300464743624696134808290085859528913
60 0.0018385789235368680638460917196458382367208674900001
70 0.033275506026735692340134037325483530008175432394096
80 0.5647124711712560588315392959204923555556474141717
90 9.1236604392594703561363630037987871563229661636363
100 141.78615653297942226238826156527694723243166927485
110 2135.1343671884375141506317520396237338056735448136
120 31326.526072962504382453708642558366343304485831366
130 449674.49453840881952875710292786975471388295390843
140 6335499.0052974214305253106895380897765951935770109
150 87836522.286843473765324878422880152872226737206306
160 1200822815.8885781101755906466333119741616997770557
170 16215383057.538341328828053914373880509190469216236
180 216585479888.26426493061020911158255074018920233528
190 2864812154141.1709540988616423208331244073491338553
200 37562989237797.239127688014568474695902930760774171
210 488641923169021.92824734226378143668130704381266078
220 6311112276712546.8920195010381480561632300200302311
230 80980684417026811.995619167457809916683473934333293
240 1032899329221925358.0769105827386378926691279273238
250 13102279219035317887.611593744898198898432584269105
260 165361562871957713726.77898276532854173386515758851
270 2077239124963568395118.1994114381445816655071962905
280 25980658931199085461812.741578783395847188048011131
290 323636550702618392623654.15589801206218484228169674
300 4016310791521938205530105.3257246050929440049319846
310 49666823772271730585538403.217557450786801181496916
320 612169394497551787431871512.58365624774563792348747
330 7521957970540448348107419977.2722496478882833319892
340 92156149197921222498459909541.77993802039526171427
350 1125965246707851718236602283887.2640525829588399838
360 13721445487979637164853761737691.891067528415967956
370 166805523948299776122331562520729.45425198598457839
380 2023080893495009235882650261306404.4645522590235308
390 24482766966742937628710431743008278.272913492521087
400 295665330930081951510457561727701234.77156513904855
410 3563507050760427241284127327516662647.3680805778764
420 42868037165422162298195160185615733341.527788590823
430 514762446047885185213410196387270910606.40055701926
440 6170683465157168342856591317128136033559.3893958427
450 73849286062001935765213445545646900397169.70302312
460 882423801989922352305869872321797264225971.05437993
470 10528227440740573044695963363288648081154208.832726
480 125431854226501750382283989817659633131034955.17749
490 1492315613751305563758214473477109770796039844.0379
500 17731188399093285437211471003270496514044216291.136
