physical_qubits_baseline
50 128622503.60055360903292645875236194585135390843322
60 392383532.43188613466821360895003097651409816705736
70 1293861383.6944185171880913134078761760138814022373
80 4791456244.1582339376396558059962488928878055101962
90 16201601126.073422493065096377058996527114168310348
100 53349398679.024075030019611299928156023011293949984
110 175578892145.90440765153237442846811617822365831437
120 925796956592.63500980737291006058188870773837267555
130 2973883783752.207359688908958280039065910617215619
140 9291710430936.5250971399725836814803215975980441405
150 29300977204561.846450186581028405960280019102805524
160 98528056812130.674718769566610345333408373107933712
170 306369465214987.91645872749047515592940578167944618
180 940433269205515.23906801661313142285671960768715862
190 2891982123629173.2359982460433209470603169124402661
200 13676205866559081.773445159039882567475164807869352
210 41676602538468367.534849136447111576738999104723124
220 124875539616214543.49326350398547101688914031063725
230 377646189016849949.37023291174398710770011469334096
240 1202445109113008883.1248853250802148558814666485337
250 3612545317985803869.322511103053841676348924972001
260 10753579090211824391.120199200774321200322328553655
270 32121337520991647158.247363002354661613722006825256
280 129439075619917173699.98208467230138019399586607287
290 384660603267163900739.29315227888303188888463107465
300 1131049701757309727502.5919264183890569419891384758
310 3345746420410674291016.9899791112160289005132160007
320 10368802610276646740472.335730022230999854181686004
330 30544149539114864022025.677215875677418238487499938
340 89451487624605278299301.969760328437068322486424455
350 262503455736460853130553.57614982983147724625698341
360 768969547048003227473534.46521374202152974094400579
370 3024233183710870517214676.4282093774297046460639109
380 8829497086106966408337314.9585365787516291553726183
390 25560074835122038263203087.864684158713816357836336
400 74394420266833832725896292.927604495330101244164673
410 225129120411919352544877401.12301613863470488145481
420 653378565161721138012783296.10738771738862895747411
430 1886580965701485745676115919.8296274323059319693145
440 5460717971881504094123824829.7516847753245612773128
450 19658916514227501824923922029.608893973905441370622
460 56761202274893249757964820103.787042647988466249933
470 162881844445463230504662417825.03194886346120818394
480 469192361223057561829451987795.20544425596851471592
490 1400671407524939023780631980533.6477268954256814431
500 4025894409769914924459349200648.7162018738652820803
physical_qubits_active
50 17845912.308280098937160742699967997729021395897593
60 49230731.931228248601495794587893658796908212751061
70 114245492.7698864250314664206976881277443691922428
80 328875166.40443287180541613610255547850793418392651
90 1045348943.7087109955205000931221634800781194088951
100 4919624638.085847151028405593909793705521943174143
110 16078769970.424736819911699567616862312841702659866
120 52116340256.114510402432787350835214309853623067294
130 167271303789.52631479269694767840680956825671034475
140 723938360880.57508705859881812463042250919285240522
150 2282696073591.4824738619117176341686068695326509868
160 7144582556090.3545116088919924630726407847314668914
170 22215590793186.092351428260500603241643926455483333
180 89698715545571.313413342866230120808986668989535248
190 275837512464710.31759148695495162535299594991978693
200 844227194677767.37178243332919488991151781171681846
210 2572681074653039.603859001174704324505583241425725
220 9883078428039723.1588529190957031167541623076936371
230 29888213905235613.441995390645699260569516059270236
240 90079947366327547.250711677456061998166168948160448
250 270630142674300445.31832512435950981432266168693524
260 1000798426632861631.1884782876476799628033809728855
270 2989421826440405207.4683446256263063391086092903914
280 8905993654075323906.7391531412321873582304564443796
290 26466388725039613801.764856281628516753627643863104
300 94943690277958947341.643658808203571820748457575129
310 280851947879365742764.92719867539281877311951882549
320 829012699317164317888.27744489689889566284273088971
330 2442084087188742110167.294753503155089650985530313
340 8544619713395820559357.8956188970447348845360166643
350 25074956965871597239650.347572521058529169791711848
360 73453807479212978649421.417572655954295378239427419
370 214806239865819067688908.89254111275248474322922578
380 627144454068051454294616.46079101261750976559350931
390 2145498929275678972792971.1532778167599732378746326
400 6244627609902486038122404.3060503493971596381253948
410 18148922489439306950697404.671365227393323035524681
420 52672514838081887400628543.955310896459053436694713
430 177050452131908646704148805.32372850214601995019663
440 512473412731038929851687700.92570276081571175980528
450 1481478829664624304379216753.2511544948018711012935
460 4277474776176402300594845236.1874107617604980035216
470 14160902241201401417111668840.429748258994888655868
480 40791453352081897764932918619.134940091805608891454
490 117371878701616464925466740408.78326819918538784514
500 337357347191094784750024682311.71829244290652405193
time_baseline
50 1.5376887499999999304166806384072587604583404186087
60 24.984795528767122157062059555845462182644465204634
70 364.82930752024351469322028547893944006013965730526
80 5104.0205204570266589370364022661574599478612492205
90 62007.457014061641029661927594682121507195762924724
100 792495.14679254790934357769087056068793535061250585
110 8993078.7822521298670188073442576477651013154055083
120 108140349.33814672113384226491456201867184130497632
130 1259331977.1525178560265488259456846848123885963715
140 14456653209.128301492536695075859011172926014319512
150 152123024062.78944536272126886839130438350967521975
160 1696308149038.9380326233282166968556423987755317592
170 17378262944918.34644361767402044175775958519245477
180 188370204964832.84564884159069238901661949299174593
190 1892835103150773.8322996110352830646016318429394818
200 20085525602721145.1059518284175620654502294826972
210 199109610781981865.30125907297733038547971542175518
220 2071495866938107276.358293917821802462935051877406
230 20270383763393760285.231779459657950913862242251964
240 207756107246545756514.31235806191032221884333954228
250 2010838774103232192364.2117369169161535813166452862
260 21677208843931288347213.074523873221978503957763929
270 207400163934157490147695.99528356888279017820682255
280 2078769440349044492262479.1697458597507511364746083
290 19727629737871024963221715.907143503801974913135236
300 195781171293846432658317968.02838345101186301979912
310 1848225908974023123961798346.6588039911859455704589
320 18147017488626354528672944168.476112226444738407734
330 170228310275664883101483010484.59088071520129728469
340 1658290679761041559351757578975.9062725466233871609
350 15467613542514435390508043783786.058997677296757074
360 143895663909318844313633195536169.89912844176936887
370 1390975296009002577178893969019809.5268681802538291
380 12853750322599924889567192687749838.894079343680779
390 123480866068953125264231003349754692.17499950081887
400 1136060956766675427821355004174292473.6633449624452
410 10851816577935868819178674617657947148.871583076684
420 99622679790747221370958154665203890820.7736289708
430 944926915042835457939310085977629603890.72481872896
440 8642797502650467419995775929898693614189.9532600717
450 81585025304066545944192327305520898346647.895464423
460 743693956843905161280845442008050588477131.96182202
470 6989134428791999616866328503205029508752767.5866039
480 63510705470113063337596413868856876613722521.681734
490 594413005308951783842759247182705262818335314.68848
500 5385806776360889300282454517498793058996151311.8184
time_active
50 0.0110447249763536559165619899616089742101739762676
60 0.22457132447832683838451713037390461760783796404402
70 3.3535456717310290295541040952019936448044670134727
80 45.045364417195369292768124728096386702657611306678
90 558.03680119289920314197709785403116074809821588528
100 7876.435804308281972432685850523468155520603753706
110 89434.887630242225723645222908866402671512743152597
120 989120.80011919774719982501946382030347763661486116
130 10709974.25051033275959323939773613921824327126645
140 132922751.26709731402073608870530291152196083226897
150 1392819236.4380360987753075586671341996480516868315
160 14404209542.112958730702785042205325234413999204188
170 147257580853.35744198401028758537449462131452390964
180 1703031200451.2972338204658487939086642516103899321
190 17077090422899.292059770239838749671406515100836175
200 169840826035429.07724043782248401218529944180242434
210 1676661302552756.4607733341454188753803781678992241
220 18495498611757800.703179351295957580778606698056477
230 180239236397012310.25219500211614280841735896667555
240 1746487741403634224.7660808696341833251469831749882
250 16834702304751229896.923040569345363941528677456974
260 179429871640835570551.37676056117262102436653023066
270 1713435262294181798996.8055763214354869490179104291
280 16293517287052110483362.277749672753592429587255293
290 154331797268043948504968.64120200153568513389148474
300 1602099243269022868984192.6185010830721771544097936
310 15067059040537022322373909.83494981839322029045152
320 141238579510495708886408391.29246471792061927625496
330 1319909360689941211752661062.4352719610158433119858
340 13417220556227477968589133558.571473915423592942931
350 124680529723537752964974001372.06381815675835160419
360 1155586686422597555415371636033.4200980684473702123
370 10683928989753733016202430264002.440722684381424308
380 98545419139932705874675912048656.571447538428211682
390 982493053362288292449762912001657.71813011378928661
400 9022583565481192383295226671981359.6502107979832783
410 82688408685087275804706525649506927.124457048508514
420 756326966723375455742798208394488010.7055489091633
430 7436126498398226096203827037564871746.6163829657004
440 67767389509418437656514517676015028135.282510871623
450 616521171879719345343309882592296525674.471470059
460 5599616218052101279123311714411647776132.8685982377
470 54405491379360105318384461206856821165286.664070209
480 492607764999752851868762289038873663253708.74320138
490 4453708377937431924145675859209618839825903.5566752
500 40209403409988461724430020232897031068303226.06038
reaction_limit
50 0.85427152777777773912037813244847708914352245478262
60 12.492397764383561078531029777922731091322232602317
70 182.41465376012175734661014273946972003006982865263
80 2320.0093274804666631531983646664352090672096587366
90 28185.207733664382286209967088491873412361710420329
100 330206.31116356162889315737119606695330639608854411
110 3747116.1592717207779245030601073532354588814189618
120 41592442.053133354282247024967139237950708194221661
130 484358452.75096840616405724074834026338938022937367
140 5163090431.8315362473345339556639325617592908283972
150 54329651450.996230486686167452996894422682026864198
160 565436049679.64601087444273889895188079959184391972
170 5792754314972.7821478725580068139192531950641515899
180 58865689051510.264265262997091371567693591559920603
190 591510969734616.82259362844852595768800995091858807
200 5907507530212101.501750537769871195720655730205059
210 58561650229994666.265076197934508936905798653457407
220 575415518593918687.87730386606161179525973663261279
230 5630662156498266745.8977165165716530316284006255455
240 54672659801722567503.766410016292190057590352511126
250 529168098448218997990.58203603076740883718859086479
260 5419302210982822086803.2686309683054946259894409824
270 51850040983539372536923.998820892220697544551705637
280 494945104845010593395828.37374901422636931820824007
290 4697054699493101181719456.1683675009052321221750562
300 44495720748601461967799538.188268966139059777227073
310 420051342948641619082226896.96790999799680581146793
320 3945003801875294462754987862.7121983100966822625508
330 37006154407753235456844132714.041495807652455931455
340 345477224950216991531616162286.64714011387987232518
350 3222419488023840706355842454955.4289578494368243905
360 29978263314441425898673582403368.72898509203528518
370 278195059201800515435778793803961.90537363605076582
380 2570750064519984977913438537549967.7788158687361558
390 23746320397875601012352116028798979.264422980926706
400 218473260916668351504106731571979321.858335569701
410 2009595662580716447996050855121842064.6058487179045
420 18448644405693929883510769382445164966.809931290889
430 168736949114792046060591086781719572123.34371763017
440 1543356696901869182142102844624766716819.6345107271
450 14066383673114921714515918500951879025284.119907659
460 128223096007569855393249214139319066978815.85548655
470 1164855738131999936144388083867504918125461.264434
480 10585117578352177222932735644809479435620420.280289
490 95873065372411578039154717287533106906183115.272336
500 868678512316272467787492664112708557902605050.29329
hashing_time
50 0.000011941536632151205158754401631152943003916363830394
60 0.00020803323905394903552388692386532173590841700478312
70 0.0032650844773479740306216901165188503951409642613932
80 0.047147908585729949033593451321407941747170335417606
90 0.64137466093945377614406885575333327197109544643238
100 8.3044733573595099907757164284607508395459557723745
110 103.47879542737085026938265492542977658187833091018
120 1246.999080067675818016508730701848893844539658233
130 14619.933293151507733215816229224551815671852953132
140 167489.89177188449014026904622759740815532177544495
150 1880119.4695208286154869558944870058146805253055108
160 20739196.933698757214126692846478559705534868616551
170 225276192.46717195171923124569957791649107693288189
180 2413667968.1845563221146293115809649956883334806778
190 25546677441.647607909144558599125021042131476111928
200 267443354708.27433983079733527731211129451375447996
210 2772173290527.5528124837724711160488748784822133211
220 28477047447957.88091631978578065714477659242956114
230 290118151835291.32992744414456883293494711645084346
240 2933409330624784.960418212904101661625476772120708
250 29453755917228126.912014212930702531951168640533613
260 293836211889764870.74233639720585693984228847318401
270 2913841213539513351.6657184558639083669896398858703
280 28734737103493163909.976310291910046474428548315299
290 281896916267918359225.59120956327086065386445927113
300 2752027488425425083105.1393786960969399260886000151
310 26744341221775771652687.309872243397340586495669122
320 258789052621104380322851.3058188732464173710159307
330 2494020106949443344111437.3709641975921862959115006
340 23943935388078297553967802.298870155013560543417302
350 229044769898705534246844336.49862387338182359036871
360 2183525405357231757847031567.533132119924128794981
370 20748476302675774043213178628.366380957016306875992
380 196550149196274313282902861383.55584944903604428416
390 1856459204353434201851048925292.4857975498408754603
400 17485652480061454543340519804182.5644957290438535
410 164255333980527168720915064235203.14632902024564862
420 1539040537784828427601287635218041.8666108292251653
430 14385386841830237807545996412766216.978767995689461
440 134146647607816736576603337261365234.52562643105752
450 1248150368142883848522526891844863975.9351825391237
460 11588372839057370968352215043596020529.731572659853
470 107370177452260173058127696337454747102.34902728757
480 992854338733867880510296274310140988839.89228059534
490 9163490465981699673488995793619065144799.127783327
500 84419099299751755109024496198114654348572.759405918
classical_time
50 0.00034909329608148000581391344921840565116430789731578
60 0.0080861964878232584411500674836725987315298319599359
70 0.16768346982130143835717996869691460044563528540803
80 3.1958696895377837658660604058227100313947450822393
90 57.22909731381166282822647607162371512532924479501
100 974.64812799920777200627938823405834211593131684273
110 15953.019389600223404835987817315242672465502646497
120 252500.42763774268841509908643391412810078603296422
130 3886852.4646654496123238796702578542647500707131795
140 58441398.750661046553709136320526658871079786347675
150 860883284.39370264194977160358453400881339692141385
160 12458605633.68775165101542883827135600578796040546
170 177505581562.34167246450901853304419063012739711215
180 2494088684118.8057664832270357326774044048049112007
190 34610808315780.531341293555675674782004056552487016
200 474951491171327.60631850517834357228183163763050302
210 6451713269517622.3445581835041143515991494035281901
220 86832084484510390.543466412090333779007293469847505
230 1158757180015622253.7749539081149603005077634210933
240 15343162254360844511.077080336384710247593997934302
250 201698761953221692069.69172459505418117047735967239
260 2633816421220804731479.2747406298675874268264228739
270 34179345092902174009463.781358507982768981668831158
280 440983312915923119860756.97246075454925334278085348
290 5658794260425985398057702.6069537063438813721813119
300 72245787598043024422063140.789396896212032243840912
310 917961689160579424633341559.83883820034381848351804
320 11611300461766656216465475690.7999986175390849275
330 146248193717505750668606076765.86857027110846935215
340 1834661628363393573678873777274.565325556228650679
350 22928131879932480152430033111866.137604698467293239
360 285505355973288380537067404585592.27430221735792224
370 3543004560557981568982961244009753.1015174873108236
380 43824099530540366693126948919673118.339319726344923
390 540387946497341155082699850794684940.02204502752261
400 6643725410337186022904644497807593308.8016090993195
410 81449697847295867819336903394662619771.559676285658
420 995847677081850318906427501207014840975.76431419942
430 12144289535154803404751159301174493028509.829964606
440 147731964586267061952255240751211485676510.93988585
450 1792849863516123210946362247549377341760532.3028326
460 21708099240679086249088421803453637277817096.947021
470 262268970359715858055948805585296515021084949.64788
480 3161955684196663917144233355810069490116967820.8711
490 38043700847908828245785609271259145136587969013.379
500 456835857965081238024612758123815280689695431637.0
