physical_qubits_baseline
100 622938880.0
120 747524096.0
140 948830208.0
160 1084375168.0
180 1203121152.0
200 1336799232.0
220 1470477312.0
240 2601686616.615384615384615384615384615385
260 2818492032.0
280 3035297447.384615384615384615384615384615
300 3195826688.0
320 3408880128.0
340 3621933568.0
360 4120686720.0
380 4349612160.0
400 4578537600.0
420 4775426048.0
440 5002825728.0
460 5230225408.0
480 8426157123.764705882352941176470588235294
500 8777245462.588235294117647058823529411765
520 9128333801.411764705882352941176470588235
540 9360306432.0
560 9706982912.0
580 10053659392.0
600 10988950965.89473684210526315789473684211
620 11355247791.15789473684210526315789473684
640 11721544616.42105263157894736842105263158
660 12015979520.0
680 12380098560.0
700 12744217600.0
720 17721397522.28571428571428571428571428571
740 18213656996.57142857142857142857142857143
760 18705916470.85714285714285714285714285714
780 19198175945.14285714285714285714285714286
800 19533476352.0
820 20021811712.0
840 20510147072.0
860 22048802153.73913043478260869565217391304
880 22561563419.8260869565217391304347826087
900 23074324685.91304347826086956521739130435
920 23500965888.0
940 24011854848.0
960 24522743808.0
980 33647669068.8
1000 34334354560.0
physical_qubits_active
100 42886400
120 51462400
140 60038400
160 68614400
180 111154176
200 123503616
220 135853056
240 148202496
260 160551936
280 172901376
300 252146944
320 268955904
340 285764864
360 302573824
380 319382784
400 336191744
420 461062144
440 483016704
460 504971264
480 526925824
500 548880384
520 570834944
540 750249216
560 778035456
580 805821696
600 833607936
620 861394176
640 889180416
660 916966656
680 1166361600
700 1200665600
720 1234969600
740 1269273600
760 1303577600
780 1337881600
800 1660344576
820 1701852416
840 1743360256
860 1784868096
880 1826375936
900 1867883776
920 2272333824
940 2321731584
960 2371129344
980 2420527104
1000 2469924864
time_baseline
100 252705.8047685210438664624013509050232487
120 31611937.80318535473388368720705307493729
140 4307077158.540655074503018758502633039603
160 467771117445.9168656123823780562304027981
180 52791042159835.01754212128002657788565311
200 5264767654472784.935094117357654378022451
220 509624848067484792.6045782554593758255623
240 52132938647355540485.4502743008385950032
260 5159258924869097409232.817264550530766643
280 468497656251541416614707.6363229235573623
300 45099735111623603720579641.61893685121816
320 3975922554374605429280750546.509692286909
340 346225119114754156615453206070.1718420816
360 32017020168274246100639652495211.50198066
380 2730327987574628256909347330212247.314674
400 230752910083750150071730731355168950.6088
420 20632629641504869185326645328870595545.69
440 1716647281957503027963138254748868617615.0
460 1.418464844272196235267983965635665003549e+41
480 1.237448924555844357298250520297254322088e+43
500 1.010075084925774326428686007576074446375e+45
520 8.737306732999798008034496480211836103554e+46
540 7.472155750295178036372209094514623357736e+48
560 6.006565563196844555490736229209994015209e+50
580 4.806987044371490896471128792260333258378e+52
600 4.043761125314604633745617083229186121467e+54
620 3.210029027011109226059822407894615670099e+56
640 2.538762707862390188092282167638798279298e+58
660 2.106155832616158766350262402187880039882e+60
680 1.654409360287788796205110652915306968493e+62
700 1.295480518103653006651068487029247586576e+64
720 1.061970636808674630644631217544802646145e+66
740 8.267475129898638539769212766906483071344e+67
760 6.418894084646390573472277974897296448232e+69
780 4.980693698614696427315174709596035951366e+71
800 4.030826701225681238927233532173330208079e+73
820 3.106520925800291758993743378773108310959e+75
840 2.388788050619066592836024108365740204168e+77
860 1.916241766682321524390207397105197102443e+79
880 1.467304962847025752302855541401404771348e+81
900 1.121318434876239007483648959889205404728e+83
920 8.924690169005153598577636268017769418433e+84
940 6.794817659050703816063444926581873723433e+86
960 5.164117838289290936636768684053283658731e+88
980 4.081360889373538634482643885163239332552e+90
1000 3.091528940475944957243861628814031291107e+92
time_active
100 1771.733412282861451789557176351942284447
120 221635.9434765106305960075886098763640638
140 25518426.90645937317654235274708060160718
160 2765185024.824889073696955693214079182135
180 343277963617.1650067055813089704504969238
200 34234711159463.86783309538567352578874972
220 3313900775478098.779376208426612888638123
240 312924964433119324.4038904346141297779075
260 28934391282405487583.95209889403705376064
280 2627454613009602705093.152208391676778885
300 274008836341405375506054.1146828641024154
320 24156225803283184803620613.12773309368282
340 2103537484997210569717104368.851716023994
360 181171836491898972396048206216.0645403738
380 15449876419780503702649670636326.38943862
400 1305743120958241711246601822995323.856879
420 125092010783105447118627185785360459.1823
440 10407737414499296099595392041955998115.21
460 859991334266905199797512971430270473433.4
480 7.061127678030876387497788012436717137532e+40
500 5.763690405529815308085000342776454313064e+42
520 4.679024953805955648569891893356367031814e+44
540 4.2516040107611465193917149789959130299e+46
560 3.417694789303771250594415448848372093556e+48
580 2.735143754102835036032747197843730896308e+50
600 2.179775381051632312967051867184488623148e+52
620 1.730355516080854386134130185857733454648e+54
640 1.368512019169288568454380571157066811801e+56
660 1.078551105201391647499034579786716845632e+58
680 9.41349303148853297982744856365347741859e+59
700 7.37121054467465270602536176866385163999e+61
720 5.754813276684175131700511325716256784017e+63
740 4.480141359259374209474503920015009662182e+65
760 3.47839675231977498880856911332642709321e+67
780 2.693692286954103143450736729364624194708e+69
800 2.288978180003757579869679504417988671425e+71
820 1.764094654921439292974951268509387068239e+73
840 1.356517153155890546792112535963725384235e+75
860 1.040861359836329364707106002076126380179e+77
880 7.970086516710057535681576821772081081757e+78
900 6.090762615056688526585203355730685746221e+80
920 5.068052132830865636855606092212280689731e+82
940 3.858564720152313613558919194855133944076e+84
960 2.932541591858648106686155364045065162111e+86
980 2.224970822822872599422667937626383325894e+88
1000 1.685360023109971429504164400224596184839e+90
reaction_limit
100 126352.9023842605219332312006754525116243
120 15805968.90159267736694184360352653746864
140 1957762344.791206852046826708410287745274
160 212623235202.6894843692647172982865467264
180 21996267566597.9239758838666777407856888
200 2193653189363660.389622548899022657509355
220 212343686694785330.2519076064414065939843
240 20051130248982900186.71164396186099807815
260 1984330355718883618935.698947904050294863
280 180191406250592852544118.3216626629066778
300 16107048254151287043064157.72104887543506
320 1419972340848073367600268052.324890102467
340 123651828255269341648376145025.061372172
360 10672340056091415366879884165070.50066022
380 910109329191542752303115776737415.7715581
400 76917636694583383357243577118389650.20295
420 6447696762970271620414576665272061108.029
440 536452275611719696238480704609021443004.7
460 4.432702638350613235212449892611453136091e+40
480 3.639555660458365756759560353815453888495e+42
500 2.970809073311100960084370610517866018751e+44
520 2.569796097941117061186616611827010618692e+46
540 2.075598819526438343436724748476284266038e+48
560 1.66849043422134570985853784144722055978e+50
580 1.335274178992080804575313553405648127327e+52
600 1.064147664556474903617267653481364768807e+54
620 8.447444807923971647525848441827935973944e+55
640 6.680954494374711021295479388523153366572e+57
660 5.265389581540396915875656005469700099705e+59
680 4.136023400719471990512776632288267421232e+61
700 3.238701295259132516627671217573118966439e+63
720 2.528501516211130072963407660820958681297e+65
740 1.968446459499675842802193515930115016987e+67
760 1.528308115391997755588637613070784868627e+69
780 1.185879452051118196979803502284770464611e+71
800 9.160969775512911906652803482212114109271e+72
820 7.060274831364299452258507679029791615817e+74
840 5.429063751406969529172782064467591373109e+76
860 4.165742971048525053022189993706950222702e+78
880 3.189793397493534244136642481307401676843e+80
900 2.437648771470084798877497738889576966801e+82
920 1.85931045187607366637034088917036862884e+84
940 1.415587012302229961679884359704557025715e+86
960 1.075857882976935611799326809177767428902e+88
980 8.162721778747077268965287770326478665105e+89
1000 6.183057880951889914487723257628062582213e+91
hashing_time
100 8.304473357359509990775716428460750839546
120 1246.999080067675818016508730701848893845
140 167489.8917718844901402690462275974081553
160 20739196.93369875721412669284647855970553
180 2413667968.184556322114629311580964995688
200 267443354708.2743398307973352773121112945
220 28477047447957.88091631978578065714477659
240 2933409330624784.960418212904101661625477
260 293836211889764870.7423363972058569398423
280 28734737103493163909.97631029191004647443
300 2752027488425425083105.139378696096939926
320 258789052621104380322851.3058188732464174
340 23943935388078297553967802.29887015501356
360 2183525405357231757847031567.533132119924
380 196550149196274313282902861383.555849449
400 17485652480061454543340519804182.56449573
420 1539040537784828427601287635218041.866611
440 134146647607816736576603337261365234.5256
460 11588372839057370968352215043596020529.73
480 992854338733867880510296274310140988839.9
500 8.441909929975175510902449619811465434857e+40
520 7.127357770776222106791776342746020557022e+42
540 5.97810722537494376121658263259669147058e+44
560 4.983544075649803955253636101600157619478e+46
580 4.130712507058968743079148570139702731094e+48
600 3.405490518856675946762943997921424692887e+50
620 2.793467216448023238441466528720968967494e+52
640 2.280578436533848421430919059556265449507e+54
660 1.853535773827085798898656086990136718406e+56
680 1.500093830128198639095313718320573101102e+58
700 1.209192539904074229624574680663007448782e+60
720 9.710067333107778886359295877207620067839e+61
740 7.769299311966373718845404728504728448583e+63
760 6.195138719431345042115055707143725084309e+65
780 4.923804825918811709325842193815294919306e+67
800 3.901190159129264261279168064580510151901e+69
820 3.081776519692317285915300261464354665987e+71
840 2.42755964905582973493510156422373031445e+73
860 1.90702595442129573643506166515690798361e+75
880 1.494207490922421995475606401020669253529e+77
900 1.167829178283336634430382232310022512763e+79
920 9.105533998301636675087135625216622395276e+80
940 7.083209796028822835779647669775475902133e+82
960 5.497836516664481353593930276445979951186e+84
980 4.258206826932486497636202211187603280201e+86
1000 3.291311552062472346417929932247493116339e+88
classical_time
100 974.6481279992077720062793882340583421159
120 252500.4276377426884150990864339141281008
140 58441398.75066104655370913632052665887108
160 12458605633.68775165101542883827135600579
180 2494088684118.805766483227035732677404405
200 474951491171327.6063185051783435722818316
220 86832084484510390.54346641209033377900729
240 15343162254360844511.07708033638471024759
260 2633816421220804731479.274740629867587427
280 440983312915923119860756.9724607545492533
300 72245787598043024422063140.78939689621203
320 11611300461766656216465475690.79999861752
340 1834661628363393573678873777274.565325534
360 285505355973288380537067404585592.2742713
380 43824099530540366693126948919673118.2359
400 6643725410337186022904644497807594574.727
420 995847677081850318906427501207012517716.9
440 1.477319645862670619522552407512173624346e+41
460 2.170809924067908624908842180342052796432e+43
480 3.161955684196663917144233355894019358672e+45
500 4.568358579650812380246127583949563993774e+47
520 6.550688475705121049140712526079847189768e+49
540 9.327409911076611314593456393111227076367e+51
560 1.31942370379990170707251662935245592421e+54
580 1.854975393268266857102543208786582281159e+56
600 2.592906432680471653387811618342696230014e+58
620 3.604783476938636002240762532507108999439e+60
640 4.985980876010967131774658353624515859813e+62
660 6.863169641089584789659854613183586203978e+64
680 9.404045222740079068190135142618422686462e+66
700 1.282993311561397338883700510507530128369e+69
720 1.743208569550488682486252523905350596742e+71
740 2.359270503376188792930121280458441338169e+73
760 3.181200540180462543509424271283833961723e+75
780 4.274297939025150483573187359105226620572e+77
800 5.723597265963417899997254104412210275785e+79
820 7.63957296386911486318028335097703209575e+81
840 1.016542646674557731197203287474983685609e+84
860 1.348637878422115031675047759445133686859e+86
880 1.784150049130888820560646150048128917029e+88
900 2.353874743702618819094660804481242407147e+90
920 3.097404097078448345772443237879572171958e+92
940 4.065544349359156436763368897186633151791e+94
960 5.323374540458937352418187248425803374116e+96
980 6.954110809743683037656173851235092021508e+98
1000 9.063981761010060440682226995531025644144e+100
