physical_qubits_baseline
100 645629568.0
120 747524096.0
140 872109312.0
160 996694528.0
180 1121279744.0
200 1355465088.0
220 1491010048.0
240 1626555008.0
260 1737833472.0
280 1871511552.0
300 2005189632.0
320 2138867712.0
340 3685713693.538461538461538461538461538462
360 3902519108.923076923076923076923076923077
380 4119324524.307692307692307692307692307692
400 4336129939.692307692307692307692307692308
420 4474147328.0
440 4687200768.0
460 4900254208.0
480 5494239360.0
500 5723164800.0
520 5952090240.0
540 6181015680.0
560 6367223808.0
580 6594623488.0
600 6822023168.0
620 7049422848.0
640 11234863834.35294117647058823529411764706
660 11585952173.17647058823529411764705882353
680 11937040512.0
700 12133718272.0
720 12480394752.0
740 12827071232.0
760 13173747712.0
780 14285622393.26315789473684210526315789474
800 14651919218.52631578947368421052631578947
820 15018216043.78947368421052631578947368421
840 15384512869.05263157894736842105263157895
860 15657169920.0
880 16021288960.0
900 16385408000.0
920 22643992265.14285714285714285714285714286
940 23136251739.42857142857142857142857142857
960 23628511213.71428571428571428571428571429
980 24120770688.0
1000 24416829952.0
physical_qubits_active
100 27447296
120 51462400
140 60038400
160 68614400
180 77190400
200 85766400
220 94342400
240 102918400
260 111494400
280 172901376
300 185250816
320 197600256
340 209949696
360 222299136
380 234648576
400 246998016
420 353000704
440 369809664
460 386618624
480 403427584
500 420236544
520 437045504
540 453854464
560 614744064
580 636698624
600 658653184
620 680607744
640 702562304
660 724516864
680 746471424
700 768425984
720 1000325376
740 1028111616
760 1055897856
780 1083684096
800 1111470336
820 1139256576
840 1167042816
860 1475097600
880 1509401600
900 1543705600
920 1578009600
940 1612313600
960 1646617600
980 1680921600
1000 2075422976
time_baseline
100 22536.34970763926838658031724111381389292
120 2098379.554859013603674500022974711188018
140 178371408.401789256261182950204653050406
160 13491350769.63205264164716950976295902032
180 986741597949.5326167727370870880223658064
200 77314929635251.08856069388628288276860168
220 5390649412690262.260257000735684976557878
240 370105615829960675.1101432401250908767542
260 29164805770660270666.52527931994154452598
280 1943571826596292658221.14337245835801504
300 128114705366178354253175.430301400070983
320 8704109190471063281189176.623782618259016
340 674509533937777552576059971.7219710819054
360 48011311524741841630280744484.64455464746
380 3402356837763995476569561627042.513115107
400 240153752860319516519412727847531.1036393
420 18189524888184452429128991526025590.97048
440 1275111856718366299278373726424038140.335
460 89120587032236632785126213579328828240.39
480 6655512753892449445213998152933267898933.0
500 4.637096217844460528858916360715211810762e+41
520 3.427282054098541270743516049926528557631e+43
540 2.372179077046782920192231275205752213608e+45
560 1.74784733391918483935978594374047863139e+47
580 1.205091431505382674241038023607899558069e+49
600 8.294291068369976349300069598270512473107e+50
620 5.699407474659799061218341786486593475131e+52
640 4.154742445898595064444947392399537806852e+54
660 2.846456008827992049313799161428279413562e+56
680 1.947494008314149403360801367666086465459e+58
700 1.409015988017760320525197090652938361636e+60
720 9.616281967462928665966442712900976215753e+61
740 6.555435727976227124656379310669636746477e+63
760 4.464007208536984198098827549145437758114e+65
780 3.205399174798057562231664411812628288071e+67
800 2.178377579570298800199969338400764259627e+69
820 1.47903882958545103592159132182487905405e+71
840 1.003322147162847666014735692842020186514e+73
860 7.158297275911477282951394930371752229834e+74
880 4.847873612869709029001167664436842011575e+76
900 3.280627235628384733762074904512082203424e+78
920 2.329325808879805715244818162939348707293e+80
940 1.574005528913907987047553444469509739292e+82
960 1.062886514955715720688389617079330723023e+84
980 7.172723133113095554830676045479129779241e+85
1000 5.077771832498851506704479736861647239859e+87
time_active
100 140.4392689016073389141336194723295689509
120 14711.22009624282694786412151513422117497
140 1162426.8114171487521054787048195310511
160 87922883.96076067297948728939485981854729
180 6430617053.833885807201920174805781886787
200 458059681209.1017315724793043122565767696
220 31937547962721.75711627830370200350991429
240 2187778016566398.426867117211490444094705
260 147654210395250512.6238386590363711938871
280 11807815631918651917.76238976369891356338
300 778339006775867229574.0978584433360541229
320 52880557961448949410616.0582120757807104
340 3782668388304696755804898.88186477371489
360 269249735459546477422520470.9445382885137
380 19080640630263849190639960629.17115290332
400 1346799020709658631937789687150.546328745
420 110509099528633725057021947235402.497013
440 7746850847073296690828001522931138.722898
460 541446999578455508310069356485944700.0725
480 37739519391999473687006330547459112659.25
500 2623872250360788426801765105970527907240.0
520 1.820027034363517464824679078294321495993e+41
540 1.2597243764021411798153705218297156678e+43
560 9.944787362032728037916545748096429021325e+44
580 6.856650954267353882202510759169187401041e+46
600 4.719238882082267418961630399874674568628e+48
620 3.242821186423402408767808150778342376974e+50
640 2.224889551652421160912619301486561294225e+52
660 1.524296230911429612329200643628832203661e+54
680 1.042896015649283399394137115307064280531e+56
700 7.126195271326494504841947506381720464586e+57
720 5.471444327292495766609868583425993891012e+59
740 3.729892487300023053565113715396727552797e+61
760 2.539920223756371474435865290752017698391e+63
780 1.727810705306269773832220802237302699931e+65
800 1.1742149503796436384090939090846461308e+67
820 7.97249784378151285300737179147326502585e+68
840 5.40823016832018090110307433161067654161e+70
860 4.072920711127432030259852727674637914938e+72
880 2.758337753140380369221410157078180304633e+74
900 1.866609106263834090439561607693701273949e+76
920 1.262227850576235796240597081680008278123e+78
940 8.529305977943797083239491813539841354336e+79
960 5.75963078187974986031996034229570708011e+81
980 3.886799229609539961645523342430662591178e+83
1000 2.883431214114382537784268614095381193277e+85
reaction_limit
100 12520.19428202181577032239846728545216273
120 1049189.777429506801837250011487355594009
140 89185704.20089462813059147510232652520299
160 6745675384.816026320823584754881479510162
180 493370798974.7663083863685435440111829032
200 35143149834205.0402548608574013103493644
220 2450295187586482.845571363970765898435399
240 168229825377254852.3227923818750413076155
260 12152002404441779444.38553304997564355249
280 809821594415121940925.4764051909825062665
300 53381127235907647605489.76262558336290958
320 3626712162696276367162156.926576090941257
340 259426743822222135606176912.2007581084252
360 18465889047977631396261824801.7863671721
380 1308598783755382875603677548862.505044272
400 92366828023199814045927972249050.42447665
420 6496258888637304438974639830723425.346599
440 455397091685130821170847759437156478.691
460 31828781082941654566116504849760295800.14
480 2218504251297483148404666050977755966311.0
500 1.545698739281486842952972120238403936921e+41
520 1.142427351366180423581172016642176185877e+43
540 7.907263590155943067307437584019174045358e+44
560 5.462022918497452622999331074188995723095e+46
580 3.765910723454320857003243823774686118966e+48
600 2.591965958865617609156271749459535147846e+50
620 1.781064835831187206630731808277060460979e+52
640 1.221983072323116195424984527176334649074e+54
660 8.371929437729388380334703415965527686948e+55
680 5.727923553865145304002356963723783721937e+57
700 3.91393330004933422368110302959149544899e+59
720 2.671189435406369073879567420250271171043e+61
740 1.820954368882285312404549808519343540688e+63
760 1.240002002371384499471896541429288266143e+65
780 8.435260986310677795346485294243758652818e+66
800 5.732572577816575789999919311580958577965e+68
820 3.892207446277502726109450846907576458027e+70
840 2.640321439902230700038778139057947859246e+72
860 1.789574318977869320737848732592938057458e+74
880 1.211968403217427257250291916109210502894e+76
900 8.20156808907096183440518726128020550856e+77
920 5.546013830666204083916233721284163588793e+79
940 3.747632211699780921541793915403594617362e+81
960 2.530682178465989811162832421617454102435e+83
980 1.707791222169784655912065725114078518867e+85
1000 1.154039052840648069705563576559465281786e+87
hashing_time
100 0.01201684467413420892075245332532463132442
120 1.346207948871225244763412113647663869559
140 165.2221846988874034042090185990555766459
160 17198.99910485017642124299626271079678958
180 1748023.102567302872132085629416583277245
200 174324026.571091158498200512326394871292
220 17119071657.11827945347043862857285411536
240 1659829351063.450852900161898159552126568
260 179115961882390.0732874261735009559257453
280 17024333084109360.47577503449562541331142
300 1605336350227192589.456836631223743061913
320 138474666604153484341.1962007255746256841
340 10505340744242059895327.8279484693949501
360 790207152516707519108478.2482876255428987
380 58988553096462156653496621.96532488156963
400 4373532824358623980196907550.162649893769
420 322274665541260991818361387150.4749210951
440 23615615156419282531213332866351.25588441
460 1721742428692430820385463218955422.845709
480 124945763258697344626787222472282817.5554
500 9028687920026497234064385349377313850.014
520 722072350308380611627576971721123729523.5
540 5.178498798566840234161959148746556712665e+40
560 3.701404553315875434365185648513413008793e+42
580 2.637372649375459096650863149842620213272e+44
600 1.873747035488538549798665021263154282327e+46
620 1.327602513617884128833037690271231222346e+48
640 9.382487502213814178859262969630562999697e+49
660 6.614986315049249049506466466120347358693e+51
680 4.65332092953990854622722326398230951281e+53
700 3.266456045113611285293709016025682871964e+55
720 2.288348896813621939077578980519929528563e+57
740 1.60009898729034878838798470025965094783e+59
760 1.116848870920829690146331230579978765115e+61
780 7.78225149265744548781915041654211401468e+62
800 5.413980395995805994936039859750706470135e+64
820 3.760652184081992976915243397699593153245e+66
840 2.608415288587499739716030307110635143998e+68
860 1.806704517370925560818422648970495475195e+70
880 1.249746816722052005185522233721188032667e+72
900 8.633905390414141008746508149882238759257e+73
920 5.957540272269630400915430352843881681086e+75
940 4.106044995083689615968182132219592020129e+77
960 2.826822714796811947179002173110586169735e+79
980 1.944067851663306623875502957080198678701e+81
1000 1.335613707627856304548194753272032190626e+83
classical_time
100 141.7861565329794222623882615652769472324
120 31326.5260729625043824537086425583663433
140 6335499.005297421430525310689538089776595
160 1200822815.888578110175590646633311974162
180 216585479888.2642649306102091115825507402
200 37562989237797.23912768801456847469590293
220 6311112276712546.89201950103814805616323
240 1032899329221925358.076910582738637892669
260 165361562871957713726.7789827653285417339
280 25980658931199085461812.74157878339584719
300 4016310791521938205530105.325724605092944
320 612169394497551787431871512.5836562477462
340 92156149197921222498459909541.77993802011
360 13721445487979637164853761737691.89106763
380 2023080893495009235882650261306404.464522
400 295665330930081951510457561727701234.7783
420 42868037165422162250808305633314846354.3
440 6170683465157168366114602495196776556634.0
460 8.824238019899223585600007977027174617734e+41
480 1.254318542265017505150661315786508568039e+44
500 1.773119240497110910109033769152021850827e+46
520 2.493763821724351450494516602094989482468e+48
540 3.490812828126027777321874348698369719867e+50
560 4.865193564900573615443213123149938882552e+52
580 6.75318827268326696382189682417569070928e+54
600 9.338392794589065101579926394344568927194e+56
620 1.286760191361556249167962886958665607797e+59
640 1.76718784547897906551339424745772613828e+61
660 2.419445702770716930073194108436196125193e+63
680 3.302764811402114941542942032179898496851e+65
700 4.496158068212499357016571535958915649729e+67
720 6.104849914823922028671700924069033648913e+69
740 8.268747492822086931953400181425530583041e+71
760 1.117358839285059990226984232058666303234e+74
780 1.50655942606759652631002976986813983836e+76
800 2.027071206944753822830362239832065519602e+78
820 2.721985317058043930202195182704899511992e+80
840 3.648196671889116766501974918580163432111e+82
860 4.880733771190281045512650285498465554406e+84
880 6.518421812594979312756791075011611754105e+86
900 8.691283080758181654295765781850562350398e+88
920 1.157019922609385851405884968015186489175e+91
940 1.537951627078841740126419063329687566876e+93
960 2.041347534973620832517123879438633774303e+95
980 2.705761367390308593396926943023518879769e+97
1000 3.58166182049094328751197707770087280491e+99
