physical_qubits_baseline
100 12236362505.59415533263945459397948054272
120 129701655846.0376821567254713549037889365
140 2299858482428.152099768533952991735637565
160 24930920603816.59675684089982750969431888
180 297956020913547.7922922107165648938375573
200 3313877935695819.119792025180806118546714
220 57682941288302805.82723456007524046445554
240 644582760952698840.0325890216034830829288
260 3845953622286746757.758507177456350170838
280 5483237680805568343.174272215251468852531
300 5734937077253438388.906311472612618337592
320 5740791605172478523.17684890860292107642
340 5742330460347334805.774722418893086829733
360 5742418245965065014.918537923273457932474
380 5742411952907396547.434644546198545764147
400 5742412730060902847.020115464891319427854
420 5742458885393722368.054258144484311039305
440 5742443695508107092.847939105015755035561
460 5742422798030473626.660319039378829717537
480 5742414966896434119.703082870302878217169
500 5742416268471069623.977520886185889720069
520 5114464195784690221.852169876992804102202
540 5114459380886612419.990275858190591274955
560 5114476348705670514.933717172891575030023
580 5114445478251154162.787005696858095764547
600 5114446249223422784.499464587555699956158
620 5114478512041733026.405767523012838807266
640 5114480731203983855.170656338299923078091
660 5114464120838609223.142847192951783744927
680 5114457230717557165.970860654494572226382
700 5114462225913833465.840416587546141907966
720 5114469185143446745.99173477661284191754
740 5114455236713248515.31844684021248100956
760 5114484218277272745.06486453969239442903
780 5114481682030419574.033098987349496495436
800 5114447052674344064.843070348571672429347
820 5114439457040784011.401689576785339080722
840 5114459790787008428.145715736730746839112
860 5114471813488334930.602734352237946153259
880 5114457453227766797.256285278227689328075
900 5114487449497134218.326171763305412550492
920 5114478616986667678.803018379594448341107
940 5114440533427409189.133095142573982988785
960 5114485669789411067.552303309509978630908
980 5114457490504314096.804130785798529529657
1000 5114445650870638118.466302464014942397592
physical_qubits_active
100 801338765.4435193222632725237951262069706
120 11897377225.18975046297114567497220887634
140 129381039532.1719344896292515617650502619
160 1942269612464.300860230849112158942800676
180 21605522030636.14624094461725738778844292
200 316077956610602.2647789711051737579537849
220 3560746306568429.902556343958914717540325
240 51014489039983716.98991788698437369674769
260 357929606909727370.2892980155845835431212
280 510305973482392563.9064003922988803027018
300 533730766107086464.8586609095032683422608
320 534275626807273161.3938435466359163402903
340 534418842766260802.3987643014325813708453
360 534427012698526612.4633353116122343352698
380 534426427053742755.0893108000184779678127
400 534426499409068229.2247664462439571361427
420 534430794954650866.8268271888770880446073
440 534429381312850089.2366625504900656152221
460 534427436485193733.1466094964521944827861
480 534426707696959802.2990305137555028587408
500 534426828858346626.335739496155038596563
520 475985500577107586.5846598303390231830807
540 475985052499526210.8878804893616185458311
560 475986631664116626.4247293785846044699882
580 475983758685982570.3850168168318376700369
600 475983830466041624.988316853192712885636
620 475986833083331170.0703366703595010523281
640 475987039641424864.6971294870451301142941
660 475985493800484081.8187852203770855044138
680 475984852589075413.8642029459743668893794
700 475985317503057937.8166976814840522948316
720 475985965202832642.3445076571998922212695
740 475984667098995293.7476451224022783629185
760 475987364341293120.6202758994595062288534
780 475987128329902962.3111306642484408092542
800 475983905523796904.6852555000997368477754
820 475983198652778372.0243545441400967036502
840 475985091072572726.3048595380856907249057
860 475986210012153221.6475322803385710705685
880 475984873580687217.6134281319895476340693
900 475987665258103070.6678614949562971196363
920 475986843275227256.8453251167607676445888
940 475983298998373597.4995900551488118184072
960 475987499711865249.2836019832024177413595
980 475984877191564546.5615756896973968850309
1000 475983775346128524.3802980422536009676679
time_baseline
100 138205.5620827050926804883489384045347624
120 19141799.97177279365434535343156338438697
140 2663871371.571328482701873282568736808139
160 331516757040.372060303933324421173911797
180 39866268600000.07829119867413334042474697
200 4665329271870751.596363884720673687011117
220 532848359095549718.1095194271148470778541
240 59864828336187752513.16552661872707786229
260 194793046829080216726272.1971492178596098
280 56750298915861877358239609.00530805205329
300 19116778957898313261442236913.22038121706
320 6537760354773726751636373726100.535672269
340 2223303414393690186537356266181347.336898
360 752150523443453875080038449931275857.3922
380 253243817067938526452395953630380764110.7
400 8.489920113184303083505633346699853852602e+40
420 2.835139732215607687437200509994420587337e+43
440 9.434269761850284089974946811780951369795e+45
460 3.129218630798301323837015152517285957681e+48
480 1.034839526711252707705298578985651596562e+51
500 3.412889633948267280121740646455127040656e+53
520 1.260579586311044457921692923341123919026e+56
540 4.13720382201885467998772866622386538097e+58
560 1.354873326005425423423588077875392802061e+61
580 4.42805749154863054091728634787952279741e+63
600 1.444459868825266802436609184304064283144e+66
620 4.703574661724948639820782785302937705164e+68
640 1.52908381210838289313830492516329150916e+71
660 4.963158815651618307684056464907107880245e+73
680 1.608596363149502442111902124524783682194e+76
700 5.206359529100660821202188078878741062607e+78
720 1.682879544170161826250938001820141809299e+81
740 5.432943849953244010521282461822768118578e+83
760 1.751887173539566473262357971877241495895e+86
780 5.642803357586013451214273757500080421236e+88
800 1.815622776168170856648988957697949417204e+91
820 5.836036766614654536040957299020276498539e+93
840 1.874099999216265418330661757524322779503e+96
860 6.012715210114540408510600011969816317399e+98
880 1.927393320373917496630895864632308618855e+101
900 6.173133216894952097651716992590060082965e+103
920 1.975585015121574253125086896951732924091e+106
940 6.317639264008090799078509050813804919605e+108
960 2.018793613259080924478167548829470446033e+111
980 6.446538311159065803853079536653445053563e+113
1000 2.057155342715416890173799522002993430761e+116
time_active
100 1239.345677696121851433964191991280381494
120 190228.7679338477397157499534071682008391
140 22701878.42977911368853833808466397933688
160 3035310765.608970835907736320961757641023
180 337813342900.2453604510714630782195185248
200 42002562826643.22246277154523735522830342
220 4487007066740028.586265893228018078969598
240 531207966274190032.2942772950865678211097
260 1618583842165918947432.793389808702113898
280 470645507680857445668145.1233229705833152
300 158540594669461479257150334.3671441000429
320 54219406768893815915667995643.78000679734
340 18438453790213501992738973513774.25312659
360 6237786790458172734651837352981774.86255
380 2100219155075626386449096321614225337.899
400 704091932147247558028497466627784936493.7
420 2.351257709502243662123214251030085326586e+41
440 7.824093909205966266374087095570497526471e+43
460 2.595145257374000174273098815371375739681e+46
480 8.582202801030890523452580219092253728297e+48
500 2.830401257333761240509796484155003506091e+51
520 9.866151474412204108652783931672781878364e+53
540 3.238056528186045650927137370850242446387e+56
560 1.06041582836146630962001155497053855558e+59
580 3.465698351784854448523467987139779359169e+61
600 1.130532337494569142711390590440212843196e+64
620 3.681336789986839662683568693541465776977e+66
640 1.196764779381977540344181949726521752217e+69
660 3.884504968181666298906091688836342097755e+71
680 1.258996698753671189889494955800638623751e+74
700 4.074850353797489342294846285335843409993e+76
720 1.317135758193002697728962468120825184864e+79
740 4.252190622696215711888337733601642146654e+81
760 1.371145812821708938394915173955085993587e+84
780 4.416440917540869730228744862671502369251e+86
800 1.421029621474577371485344002524760190156e+89
820 4.567678499091912540349289380797388834916e+91
840 1.466797865346214536968318337294395732956e+94
860 4.705959040924438445883382336836493710516e+96
880 1.508508835732699081041116531600940573745e+99
900 4.831513061277819606258366898150586736655e+101
920 1.546226927010159686064397494479496074471e+104
940 4.944613301948088590631367650099322899021e+106
960 1.580044908645833218668824669736540552215e+109
980 5.045498445101818523629794964053787340657e+111
1000 1.610069401864067704467271338115810854024e+114
reaction_limit
100 62820.71003759322394567652224472933398293
120 7975749.988238664022643897263151410161239
140 1024565912.142818647193028185603360310823
160 118398841800.1328786799761872932763970703
180 13288756200000.02609706622471111347491566
200 1457915397459609.873863713975210527190974
220 156720105616338152.3851527726808373758394
240 16629118982274375698.10153517186863273953
260 48698261707270054181568.04928730446490245
280 14187574728965469339559902.25132701301332
300 4779194739474578315360559228.305095304265
320 1634440088693431687909093431525.133918067
340 555825853598422546634339066545336.8342244
360 188037630860863468770009612482818964.348
380 63310954266984631613098988407595191027.68
400 2.12248002829607577087640833667496346315e+40
420 7.087849330539019218593001274986051468342e+42
440 2.358567440462571022493736702945237842449e+45
460 7.823046576995753309592537881293214894204e+47
480 2.587098816778131769263246447464128991405e+50
500 8.53222408487066820030435161613781760164e+52
520 3.151448965777611144804232308352809797565e+55
540 1.034300955504713669996932166555966345243e+58
560 3.387183315013563558558970194688482005154e+60
580 1.107014372887157635229321586969880699353e+63
600 3.61114967206316700609152296076016070786e+65
620 1.175893665431237159955195696325734426291e+68
640 3.822709530270957232845762312908228772899e+70
660 1.240789703912904576921014116226776970061e+73
680 4.021490907873756105279755311311959205484e+75
700 1.301589882275165205300547019719685265652e+78
720 4.207198860425404565627345004550354523247e+80
740 1.358235962488311002630320615455692029645e+83
760 4.379717933848916183155894929693103739738e+85
780 1.410700839396503362803568439375020105309e+88
800 4.53905694042042714162247239424487354301e+90
820 1.459009191653663634010239324755069124635e+93
840 4.685249998040663545826654393810806948758e+95
860 1.50317880252863510212765000299245407935e+98
880 4.818483300934793741577239661580771547138e+100
900 1.543283304223738024412929248147515020741e+103
920 4.938962537803935632812717242379332310228e+105
940 1.579409816002022699769627262703451229901e+108
960 5.046984033147702311195418872073676115083e+110
980 1.611634577789766450963269884163361263391e+113
1000 5.142888356788542225434498805007483576902e+115
hashing_time
100 7.085411374170156853405176611690333688392
120 1069.477561527743600611766654658012453484
140 148620.9757707061019920366215619405410347
160 19461479.18792346873407493636452369651691
180 2436645351.459620294902020913153085011556
200 294548106701.2990513352239169550256227476
220 34612255884685.10955767154066333347725117
240 3973505129660548.470989206047535440651173
260 447316988328564513.33235079698736308286
280 49523781513651273649.62141150228745633209
300 5404612417384757698335.186824977597360004
320 582464408327118926481199.8237619408262642
340 62084619029898331137200664.7407499847766
360 6553176566439361408896508728.080095712061
380 685691124477603548325676164759.6602360673
400 71186855599417675481486903201584.654675
420 7338298492218911676758792131611804.560347
440 751621418069293357758099143316259980.8678
460 76534533513760824308023158051135694389.19
480 7751492166671772702277382238360835936730.0
500 7.81216957273274946826126236941867755965e+41
520 7.837603681488229547718624606665420985264e+43
540 7.830117323854721777933114369702430329269e+45
560 7.792172619659759654323591384945983994092e+47
580 7.726314204066164454679034482159948502563e+49
600 7.635120610745611806896062596013649058884e+51
620 7.521163223590567524531764328793202011124e+53
640 7.38697215933690905465410774004057602773e+55
660 7.235008423579586445166404361954808213939e+57
680 7.067641684694147894366169540817564813298e+59
700 6.887133028152736255381774419229736745913e+61
720 6.695622082918527050573494158972534773845e+63
740 6.495117948306910765510532981832118468159e+65
760 6.287493391053557457100165659763468690851e+67
780 6.074481826119034896186978947305545307515e+69
800 5.857676639301335336888558246196043529769e+71
820 5.638532453785552975315169120212458054824e+73
840 5.418367985427759404705278334730862675399e+75
860 5.198370172195905119991506492266843628313e+77
880 4.979599301379127570041713061027186265534e+79
900 4.762994893633731540700263682070353674099e+81
920 4.549382135566008319868924293448791573537e+83
940 4.339478682300735898324707019002708523644e+85
960 4.133901678392931644883379350645714274249e+87
980 3.933174869616179328499044097428301481486e+89
1000 3.737735699716868482786127681719641524212e+91
classical_time
100 1144.320725724683026723622816294503842803
120 379939.4692991459369913299982426248872043
140 116327017.5564048205214552856165593516485
160 33631136119.59164781887846855735526283525
180 9314955762818.153589372805100324979994743
200 2495171554098709.022508874226884348896526
220 650631547258956348.198660226166451861516
240 165934629716253303411.4809070003923373416
260 41538184886214665428887.4174562484634375
280 10234305889974378052953787.94893836342449
300 2487211370641824004652489998.301879824351
320 597269922061611527176290303504.3127245457
340 141923612632508757356963995749959.2141782
360 33410351405858933767882697199619834.85286
380 7799791215502247141959261460029954352.545
400 1807288626034455853402600615331971837687.0
420 4.159378482334489582750331445420594556583e+41
440 9.513846180386810939267226323800415203887e+43
460 2.163939937347065782607256235277641970483e+46
480 4.896667454624813541452289389791916892262e+48
500 1.102814369703995693230748302168562670015e+51
520 2.472917828150837075730329658776791889158e+53
540 5.522854954273734305534358628193036638574e+55
560 1.228825521873648856828980102317504113183e+58
580 2.724596862933594442571409570840960475374e+60
600 6.021451155542395718837719318536327723313e+62
620 1.326717700968210139513453447908258862917e+65
640 2.914856860414442624089182132358942399737e+67
660 6.386936890810822269912021107038151977146e+69
680 1.395961190902508147424638211976267384713e+72
700 3.043842114701753809834580344592504522449e+74
720 6.622110642643848537413087708783976987719e+76
740 1.437636442555383854413986616885938745943e+79
760 3.114789147620098066783256598617513987217e+81
780 6.735658002116043033596694322420044407633e+83
800 1.453933953313440661314573776065323180285e+86
820 3.133004648002985376476373005294674440594e+88
840 6.740075953867080606884914271061899601783e+90
860 1.447735144756055700580796475310965959801e+93
880 3.105023812032893617438849440835713802481e+95
900 6.649991551278875452489639429805401335271e+97
920 1.42227821025075833822397354433540070255e+100
940 3.037949590554985074722774425867772638425e+102
960 6.480861972448643291035323919351892267446e+104
980 1.38090369108513313858364522707644916117e+107
1000 2.938957400114921079666110882117571699123e+109
