NVSieve_angular
dimension	t parameter
100 498854.880799148340203194212671
120 2095566.0733137804101324859834539
140 8491391.642780779964790696187711685
160 33555603.2398497990908103954063528009
180 130184518.87017242299579417623127423445
200 498010152.2547875474464631581939620390838
220 1883997505.82130435428426867641610455459679
240 7063113494.6002455466029232963178794956571209
260 26281989553.8321828407098823155597607646831925
280 97180335836.5820437916495396895291885127834592615
300 357401315324.33411961798267717200069155364828008791
320 1308307099081.877199019824252549899021727206333122266
340 4769763791887.7578260548265293434629100769172424281883
360 17327248164149.424479830235140771505611407287589201238921
380 62745737032329.60350660514039691496232492420916506106831344
400 226573491550058.544417945969838727051346177304764311942733303
420 816075153096822.08227751730095524574747847953323670448279081478
440 2932616157467942.869670469892640476639280901861788769403016574429
460 10516647186369856.7052352162237244236118251009584909200163235895415
480 37642387511321640.613238177636612470830038387473329089969283064635186
500 134500951175786110.6848504436765619812871935471731679081372269271262941
520 479826117717951711.998776080015406156406175976139707337606008619880163189
540 1709257505484728346.7169088322397290286701542226833658127809655308468772428
560 6080576719384398713.164687766891804501358166797619485951222345132556382994019
580 21604240828934160554.2667182526025769577245414557294965853428269807964723784722
600 76670615719708384585.301260439064833774822329760363121393990034666094727371191383
620 271799964856484174332.0622773462082599325916174295369452343962046575869641819068519
640 962568655805831691594.759968356559796215116555273542172382768354818276572011207364992
660 3405683461635550409720.0529535586530404857130946117283366321115629814500146745632062979
680 12039066952020436868685.57047295899228778788479388924128447016932713500316712807622835367
700 42522695155387029529776.3363326086535288831700579084938518706528149526976887828038718327606
720 150075399424022618908667.35291286605806539708060053385386557095517978947391574025075650239123
740 529271550722953888208753.7823303599000621728683930550797795641259986792050961196728951159725872
760 1865287735871804018056401.44551870396136560685797997219386806598635810500945429251787514179933795
780 6569432206304325817943387.7474251669152327964012044441615079439935143904799970933934994216033864222
800 23122763000739522992312340.87665007583516475079950043947859579766410670913144104565894630570583484437
820 81338380571994243034320935.5807175397502603560804883078902703972707327098467172109014576789771506233559
840 285961899677630583615167358.61663558684302940427680515808262455809773506261733763285684228632198575650276
860 1004823287387426242503095874.443431620870391219160359076411843306461757919977574904344313815166375069902098
880 3528996464846483211766476012.21688812836411129782972599487964465353829391267809903273339059103798921760767127
900 12388055314116502825015215742.068624033219684781918198184129576122878908212879137561884431768683109126670256657
920 43466541531198307314929296915.36965939465956403039287170732572383948638218350408855440567187976283608356541961148
940 152446018069646685279935413169.054279411378814026030689679933868427313055178954858614126683576986187311537614364549
960 534434579655790596293859016123.44591737022213447453042072528309898932562704295588960724658130446183210563578434112046
980 1872830017924667959743877184853.671962190863655847741820729661546035679543747836617418361895879742281808299991453463837
1000 6560469192809793704487274351511.13794274331051380065627501958862509833297760166645007526965974344088079705876920133676664
NVSieve_spherical
dimension	t parameter
100 152.67422914842877724226330502
120 282.73118645755766925288239536164
140 530.0733581067189486228286447477936
160 1006.32926717042245397300267995645486
180 1933.7413788674969003388764525554320078
200 3758.284846227319958013751700826487020553
220 7381.46992199831398416855472865309102352147
240 14638.058121269062453231770644505601199082974
260 29285.83540875559960056817832050700067446835836
280 59066.5983787477140205402954714031590084361447317
300 120017.97076769443185715453873263832664088995589864
320 245534.3620556514919179672369354451989955495929326803
340 505487.906146476105859634731646250152359174533439666487
360 1046738.8724020106578842985867508296865613710450626700534
380 2179285.712333377298853373047789054320615212951849140144705
400 4560127.05503338296340454051225823372039636649561338275422502
420 9586991.791204583159565994099500339409310994454526485237833272
440 20244209.47905043490270481442337654851464798584848520964005643242
460 42925520.2024248134778893906307860897156262046023726992825058941608
480 91373652.659461057885914513853722948879030518343883620044303988492478
500 195218630.2616475781294394164249977717938444946669458158427698055937236
520 418532482.702774460196746485896705055527347867341098488263245340247535974
540 900254020.26388070426760405644452187439593117598604192429540804284281598175
560 1942477637.292938550178200122661078231393561023378891157973432643743613163828
580 4203732468.85287403638609385274603418338126115803598395504539343826874123688723
600 9123059922.8214353065361561341889657806549723002083240325743671627525058010630383
620 19852512670.00347661778089637309226451253935757106878692385626893211541156864273771
640 43311903148.1875896333567874516626574314809341979384783410724405126946577886300826525
660 94725530464.92118648042177234308691628511167018314409590278652518020005605924239661227
680 207658366142.5079529883850396849704322124597439459440119378685026178226720253776792973558
700 456259756409.284445478725698099579272378303548977660157398564150620448294202241260680416156
720 1004652361683.0038817767988940999771192346582973670774156800089494536876157798491977810083016
740 2216784678825.187125108983779384695041378152000131320862895181736206033409885014756176690116777
760 4901181191051.94193399400796063504508758897763513579544545143011207232119660358624726280797120566
780 10857133605015.26969424821292065122822827067360400288049416262548631837897152623272192287176285525
800 24095524070799.52312792982581442438827059148967463985638557007922733008191476204849258926177747301194
820 53571737748625.353576764851763930703587185335504535693231249597339544619877526444888524991517597617655
840 119312597939316.50224018867918315179196544638569507204208283881246278557131414787847893736406086389043569
860 266172173831484.2668382901530424554558424974122643842726124874755385222079137660350820566306632119692209387
880 594758638394358.307978674928427866026668638564852606386323760934336075822724624166281080751198868717929497029
900 1331060817937605.0576804171710355949556395075288570862708200928795373072836434822439022262434641379764590620113
920 2983407337503378.213355776595597184310941375800919394918685919991304391100634270007316391958786783353918356145379
940 6696753543518034.03420212952386551681844705745806987754533686635577217408143248539142607085125983074848468887187992
960 15053372875908522.229202764615241807182064291992177662190963780203751868734267642947399232985977785052127240040091051
980 33884623113265312.49104283819362003858612978871994192701962596019995692353067709872297831074713160639859700873666848881
1000 76375370761651650.5324720580938159846451039363469603743813993142873939032104960315557404226625916652878786433107570360445
NVSieve_filter
dimension	alpha parameter
100 1.047197551196597746154214461093167628066
120 1.0471975511965977461542144610931676280657
140 1.04719755119659774615421446109316762806572
160 1.047197551196597746154214461093167628065723
180 1.0471975511965977461542144610931676280657231
200 1.04719755119659774615421446109316762806572313
220 1.047197551196597746154214461093167628065723133
240 1.0471975511965977461542144610931676280657231331
260 1.04719755119659774615421446109316762806572313312
280 1.047197551196597746154214461093167628065723133125
300 1.047197551196597746154214461093167628065723133125
320 1.04806819568509930323501858732512011087246178506724
340 1.050071033933065492988059321158088341833881952602152
360 1.051899305772318996606594549022567055187324555312596
380 1.0535756103891674835733451448971220891623371602789074
400 1.055118746366235813432646882458497680165486651069359508
420 1.0565444852954125386130660269402698843140811512474621621
440 1.05786616290388198446008634731090059808922354001938267896
460 1.059095136140970995875895794319144391548986074560766667243
480 1.0602411404973843324784947683399122992744895522415294030517
500 1.0613125721529936446714540360269301924142530126263662213809070329435
520 1.06231671284295301411278584747807904882472682676907867040993172925171
540 1.0632599106162233961714258986704780315975220500448713963663807985305191
560 1.06414772630010047950683613675774580416947444176543537063768306557392751
580 1.06498505305962849530599485927221715190320231070858798306231745785856825
600 1.0657762146708574536289966579649550050393060955833351906795547392416531697
620 1.066525046820870251927224524068521814579816004086359661663070406478722523787
640 1.0672349647739720824647971313113356895351120317476017862277441526384660405308
660 1.06790902001082061119282350394302982698035439828300526171345428560555868832132
680 1.0685499478910297671611097288577295718130928264863957885371254374461375961315323
700 1.06916020796388716420710491879113228742979031711675980409216358025319661130878785
720 1.0697420182231539860222091827009026259474508152614244624054681610649085712366870678
740 1.07029738434637949990945847102266315122188723817372775116915089078080216811871566219
760 1.070828124759082812884985884428483797368772371892737878165478234752321260226622037444
780 1.07133589220645067021042017364901618546524892930385480798977238783735711367625776326781
800 1.071822192390112671589008137294746499415996797695590374154567499460503194876592640203402
820 1.0722884001277419005672657227753535923374367717029420174574108130191924707578765768746805
840 1.072735773413128935885195059053367793441938756047673686741864199765498853634711377704149534
860 1.0731654656897515202268870742639612843393726511354881858013944932063748632817440988912325878
880 1.07357853659844789969931912596389056908699353340639435059438711263884549549148044761900216393
900 1.0739759614170883423553616525772976991016790721191730881443296699821836008596761189248452433661
920 1.07435863937516223818725210014512096227629127701696511712818668321074773167549913933623238429333
940 1.074727400997431497462237158884041988988612782978604684150204218191046978736818159641275131317331
960 1.07508301460704061462166671303500293295834557119060693223555515769307077854955228721827450999563374
980 1.075426192098765268198110237125769788527851518916932049989425304753407069517271710117807074241050244
1000 1.0757575940766720735586481043540415343565278564207547145059977028160521973009963594936344322338324891
GaussSieve_angular
dimension	t parameter
100 160484.928225003864211361795079854090766405785
120 1197307.700907130415460138400603617591538227897778
140 8860319.9041265733612740261962741899860978672371305293
160 65289800.2038969351505833557076474386737232755193721360487
180 479989693.89663917349042141204468629430974694327026554921361
200 3523994246.774879072801213359426964045190525472290849733598062703
220 25851099223.4631040003933015900700762223247737882460929567331476703339
240 189533899600.7337091876246573953907498169532834036619060926810391243313117
260 1389092861461.2503593283038127484200635897609858117384665790574280233060421499
280 10177883601293.2415083197835208501882825085069079096515242582423855196040283991596
300 74558231368886.68908457379806264548516654526742361896543882831449035690225729337964299
320 546093018661878.01806700281812157388395738386606956048571011717701414423178741390355613207
340 3999316301892921.24895130775039005441856612059321400164421980261268931641367691409367541335329
360 29286284266577622.30385828433306577791447142326456540553800227934028351323877687185087522161318304
380 214442435576547124.62579496491579699359137779237048877345165296060068800995485980546320802973615635212
400 1570115792006374933.81634899482453370742950579909118308756450505353584583122147793496491698556623215545438
420 11495614776269561113.13700204014050189293593362440120714027175344796606430199471713565926022669998495094167106
440 84162039870634978714.927277074571620614267114189546141677842142853569194729614979557485843163956918291276582066078
460 616150697949289709654.205954121932653709457882999759450301640067349249130915372680813363489479872370341278165437982433
480 4510728948597173160575.566723784968188858351218681143966161754341091414521910508726659469727401606499867702626960955276953
500 33021557840498696897356.631814030122901635317592853322713696637341188541177447896289895828620751680720668026327117000345988551
520 241735802188797991728777.15525107972425133204414087749218679034245786472386967057967739949615469740952992823607248439957953361182
540 1769612702398242970899334.771747224138377294638210217198693486177646911514979384313202836282613217830022213738987366528650464317514056
560 12954191368613733824025972.490686604119592724602916584452777200139721100788053838887787492406082153094276509369245219137716454759270431981
580 94828313519452758658906086.495536689623400545293813337912171364857420121073203406326842310591139883574439239602842873503821487401156520677953
600 694163919964097095050968279.5866365746596152937195060858998769877890860370068909592370501728825615594173213439264237062576986303184208234327657638
620 5081394026862559829693154962.7178740036698438753228340591637339909139912633271718174229103687686157203803888958073485507429680687534083653872915008772
640 37196405404176417705523269546.9552526576837225474473267239401627223593587180504673819285978863604448969367477687121884324449784987003358296827206202747332
660 272280598975121579202551482558.2990502918200390659262347308306968167088726920827864962721170248319219187522380459779762458612005209185949192040928642875467813
680 1993105772232054142383050982834.8775269291243393814384717094622330774767343186527449223775441640143096383904313998689226819636639691259120878069083547375237773164
700 14589559215892975528208007234163.8361285820125614579692164802158169693291485674082201024331357847327459288920642354874133130821811902779234471991254661392360007628884
720 106795358838527072176729540869370.4770038247333218690333534372170116720570154665933168646043306227028761492712247154002994184418771037034098963989245181898334106179940309
740 781737865411534613529030450275156.08289609941575757782468818605726415458825907222471628631325226962783132885238177028334780597895039679972269772972978025824131601435223762721
760 5722273732250161294336915825757504.11805411709878429952362313359532740678863538217775387837020304457579701910943792617351010141136972253055975578107411150075920938766310810259292
780 41886584505945532403371943338315201.68009204778788078026749632176707788292918783663417194784751417052678477780218454230462760550358051188879436071478501871530322289200083087640178223
800 306605695617507696779704220382983560.75608366141469688124484024724230123734446771739115188389771328776755137855289792457971606172095697976239542400571121860007594622283939099905430586699
820 2244318722961360102394700777881828435.59133179239481568152175261304932731899327537841950499292454452162139375861598473028079221055897848014627885490423257143675488949074792916679880554649664
840 16428124089854836915530245109809095290.5611688419686845578101353140894669866428031437251660563103214784521316572225523248155012002982640420338834889945186907159803928891285635301839821953363946
860 120251531735658413797255152127440606813.5347944172128801064748662639359558460183253635509127969687625939112806597480764197569766913106011535610704405892083315623842663114867875920068555021686634968
880 880222617061000194907763345092672126323.924909497055368137968641092415547616915897433975984251324615699517691703941182987743175050323414927854922395407393566022774491040152245813583357252522252091851107
900 6443083360425279430735725841751967310038.711621120067020901373492223080350713861091559432435251114411034238170310214580826706507914249794706287645951869495141733805594634783047312894422231259990251021436968
920 47162231707108760118378912921904359549410.215386134293645422489102219746377705465079353236335431228765979897315077543969116016119029304499838118541476758049032814139221949929093652477136636863919473766936724045
940 345218737757825914373333745252024292083191.493014429474305734227466571356786960441774652738624199803683329007930631586526502735630573106225887456194659593863492151581814000553458109454124862562796298027386400134707
960 2526933589745052374658269769713206526219988.184392876307535975927191706991648622253308471448701263154407863902975377618685298051303568342470268426912529011542573304089047174159797639471980426316133768793278662781124641
980 18496637622037093323998489747188289989281144.701388062383384067771780736899177093155707152046493076118619846118957882323688883797941282303560731291913779384033174756029260371441305463728438586627691259392570977823189614131
1000 135391460240137233425918092322518219760231749.283022119186405043941930958465652592595182782808635324844507578559468786197123519420872361379490380247106664848491072179826363593471763831440834092243215108148775343939268337596224
GaussSieve_spherical
dimension	t parameter
100 71.03539155958918934473776705383283
120 191.667673567010918044122270836908649182
140 546.3500014050176055122088402432786339173878
160 1630.6678259391558707850674493159778347061680789
180 5058.54438963275686012653669230139885997997247135288
200 16211.31384089080936402369526334665732216767387241541359
220 53407.709092078010061760607971099301493064725496409307424271
240 180157.453031182544343162841284925046155409921304997230875323238
260 620245.154147783473468557353846279271571855752517716059708950262384
280 2173707.1641094090020867947027074390832085122897262215458888434947417665
300 7738137.60195957593139672973637428708187258015036188043188625711769785462092
320 27932124.5958686724363484341490566105892049984185330600958782881540990488211995
340 102086039.88908463238592217891492788170930549278238287006660377831066802574600961189
360 377301041.574929678206167649238841585248142723976139325435253399598893357968424421192983
380 1408686741.299001680230895795991707825328180735482964826813044599308201491662311358709155864
400 5308312593.5644062564680553017758097047624961945006341776029656419544054283908060975656268707119
420 20173359156.1167803569129404319832282422712713502483530442838746805285415737203667467232711292892143
440 77265803636.54781488571549370414136268542588766979238282594747991035728951959642606753981148769396671966
460 298076494679.34599965502672856031222313058792188060371578775659440044033273419573628010145301377130285843801
480 1157640351630.263213159990373327640329813350510292360508728983581767256984637158539128091437448614557727517185
500 4524023798256.556532495568568204784713104667964868856749662174424738133863012539554920175270321356367699152583523823
520 17782912617545.509920153722576401235439944781492125850827652842256392044483389226490188003816713093320260368729818540829
540 70282591959175.4575302878585606869282955862343038015017974921362706978174142704644374873676485414509735108504903913131921143
560 279200107038956.1632157440673760093319469406689651397848267671329371489958646329814610442990244732334908841999288150908077097006
580 1114490227721940.0249583291356778053894047380113795803812949200368216902309104073183682821034130318904687561473700923166057715889105
600 4469015244286302.77871395039312963634196351682853793526635248803473027905854182316182653888466906214251684624113259613781509282545618126
620 17997611845085644.05441777657511854788863980655620304305819189882160644577275570999923539989767211401210810045958641269828517921988727487259
640 72775850219560490.808380249437728983942667041830257434628194004791603389952731933524124074087823851952688043070100875856988232442168181569952384
660 295419502707804217.085593161449052155028406462142934313561773274017960221881573899589124976229363571297821335225084551764175957556756332234444505006
680 1203615866151115389.308446400352351771743129444505795754086557981740211634859521612448862637425475019277753848269958401546253021750645002677052460580999
700 4921045773755054281.3634488412552587405930851414788282166984590059590296649805296190433905893220786414192059145274966575139284049483353034311234342093230912
720 20187259399315339990.5905137620171751499509066551235531359512731863566941729616365468065809986270383372349119220625425181016150630299444762410631344344140710521
740 83077359961917679552.00281314273447998236626978187778482567157174725445214063638208738717351099647354161033601364152238936329943982471968927606240176946632036852054
760 342935912761133991305.99018761569539898994391072733546692952852358345182940762947053649334462479765097545063463051399398781892172378978748595569187545749346294043556606
780 1419750488564964902906.06742312161018743593636685272253599614132495991952131860026891392992975369339217625921709868002166535371920393143357673560740736676821208468740845696
800 5894235929562778754118.684285605818783220621197730948459019601888764288040863536956016496667368654057250598281180923451845129237346053476121752694789950727112993291654234154809
820 24536383923294519838636.436335808159444226858997614242909724247403260065403491956385759482296073609590696699033761768976558453192628670906027048593220900314896812851337384146859307
840 102403651478358277515725.118369212897923949770917488930918241491383752119699602539850804821181617289634372150520096602983549304966478325831800151801372526025857566000249399713127651887
860 428449203316860261435984.2030245168042364056731814340432508048990544273324953842991070911849139735461033009662659159968489220207209564645264378634503473584978703348146305464704773302616426
880 1796892337187932954744962.4083706465035443123822930928322512599529622696587699926737924311678262916354172549249725096272652883862929055831703212845172190927046615198589106607748797780669362447
900 7553457987108031330382275.65586090165910592642942170776019837336902404924831174465120192655920677554078282963581364508073905021684614741560689256048700457824274511870091793646173515208865071368514
920 31822556490601795403120485.87878398207326221424431335927022540101190795051993525794678138365838330304685726017503669344683521495692084475731695248050423882479038612085125739670265253928271380150072722
940 134355758381347788338412647.12988839926098467743484935300639120308818884955583639980409715858578214705960809750661469965291167282781119710859625104483570562651268527000155254886154903781386634075884945724
960 568431110243796985992381403.762104884862231922285285296171711099924802777072608593399767768408354252770609311441409242319956637532889516251791083466010910977770516801572291942986723244327378776603477741121549
980 2409738027893781920127203599.460646445547999016410084009336291479958903907342107487500061359399885254450081953873705460322464486805521879941659715364851998641057773672087727169138485915744626146350234869836849223
1000 10235380025013653654917017555.214881280335967464470530723777011125460913618426362489171812163984017820403929409525162981087762506648579785698711683608750989681690180092996320551984131997132770645939680291506671477237
GaussSieve_filter
dimension	alpha parameter
100 1.047197551196597746154214461093167628065723133
120 1.04719755119659774615421446109316762806572313312
140 1.047197551196597746154214461093167628065723133125
160 1.047197551196597746154214461093167628065723133125
180 1.047197551196597746154214461093167628065723133125035
200 1.0471975511965977461542144610931676280657231331250353
220 1.04719755119659774615421446109316762806572313312503527
240 1.0471975511965977461542144610931676280657231331250352737
260 1.04719755119659774615421446109316762806572313312503527366
280 1.047197551196597746154214461093167628065723133125035273658
300 1.04719755119659774615421446109316762806572313312503527365831
320 1.047197551196597746154214461093167628065723133125035273658315
340 1.0471975511965977461542144610931676280657231331250352736583149
360 1.047197551196597746154214461093167628065723133125035273658314864
380 1.0471975511965977461542144610931676280657231331250352736583148641
400 1.0471975511965977461542144610931676280657231331250352736583148641
420 1.0471975511965977461542144610931676280657231331250352736583148641026
440 1.04719755119659774615421446109316762806572313312503527365831486410261
460 1.047197551196597746154214461093167628065723133125035273658314864102605
480 1.04719755119659774615421446109316762806572313312503527365831486410260547
500 1.047197551196597746154214461093167628065723133125035273658314864102605469
520 1.0471975511965977461542144610931676280657231331250352736583148641026054688
540 1.047197551196597746154214461093167628065723133125035273658314864102605468762
560 1.0471975511965977461542144610931676280657231331250352736583148641026054687621
580 1.04719755119659774615421446109316762806572313312503527365831486410260546876207
600 1.0471975511965977461542144610931676280657231331250352736583148641026054687620697
620 1.04719755119659774615421446109316762806572313312503527365831486410260546876206967
640 1.047197551196597746154214461093167628065723133125035273658314864102605468762069666
660 1.04719755119659774615421446109316762806572313312503527365831486410260546876206966621
680 1.047197551196597746154214461093167628065723133125035273658314864102605468762069666209
700 1.0471975511965977461542144610931676280657231331250352736583148641026054687620696662093
720 1.047197551196597746154214461093167628065723133125035273658314864102605468762069666209345
740 1.0471975511965977461542144610931676280657231331250352736583148641026054687620696662093449
760 1.04719755119659774615421446109316762806572313312503527365831486410260546876206966620934494
780 1.0471975511965977461542144610931676280657231331250352736583148641026054687620696662093449418
800 1.04719755119659774615421446109316762806572313312503527365831486410260546876206966620934494178
820 1.047197551196597746154214461093167628065723133125035273658314864102605468762069666209344941781
840 1.04719755119659774615421446109316762806572313312503527365831486410260546876206966620934494178071
860 1.047197551196597746154214461093167628065723133125035273658314864102605468762069666209344941780706
880 1.0471975511965977461542144610931676280657231331250352736583148641026054687620696662093449417807057
900 1.047197551196597746154214461093167628065723133125035273658314864102605468762069666209344941780705689
920 1.0471975511965977461542144610931676280657231331250352736583148641026054687620696662093449417807056893
940 1.04719755119659774615421446109316762806572313312503527365831486410260546876206966620934494178070568933
960 1.0471975511965977461542144610931676280657231331250352736583148641026054687620696662093449417807056893274
980 1.04719755119659774615421446109316762806572313312503527365831486410260546876206966620934494178070568932738
1000 1.047197551196597746154214461093167628065723133125035273658314864102605468762069666209344941780705689327383
