NVSieve_angular
dimension	t parameter
100 29517478.25243559019648317343992618134319986
120 268843318.20983707032262877382599198744272473706
140 2370874198.507025589500693944798126132323883052678
160 20467541309.941242785209429338601560773081964679666
180 174050344519.45745578463022328014769992595719954533146
200 1463459496570.088047664377195340641384840291427881391232
220 12196976492317.4755982067527444469890388445348473017040932
240 100931601237284.34133466900381189971317690992167875989346639
260 830310924320320.466367386087762352038564446713095463120912211
280 6796673673588697.76025517383474864817846515402656760013903034544
300 55399720970630259.45216756148611839447953565055157981731904408932
320 449907634984599811.4128436078408202997708494203822359822354287232682
340 3642046279769332167.28056093047803787749785172354623685068657589869369
360 29399475506230438614.95633454613017375377198562694526471475662055412296
380 236724714741737436288.7159594428154990231887027337297354745549347807800366
400 1901837752514724015522.0601885683631346237581634461107589164981808804911025
420 15248516760102160060076.251792180756416808719189007926757433937641434982692046
440 122036651535576130670814.3610053092404444667327961539614146226145639269262973242
460 975066419620042731625564.834862574629539776922427328807266083344962396475803980825
480 7778977027301756623153060.4248492645269975815443360772770121361251058782894064370485
500 61974114571791229116538563.737888331871975245555091642391566397725107991291376300837469244072
520 493112748694850279957671413.47847167811024727112876153117385336262724062354210017743654758718631
540 3918980044373607596477278827.404868909006719682493542117608234296840841931124682885786582938854763
560 31112066360669133682352451860.61069549986325955402819680133589293322578371359653213978529560915624976
580 246744564863804950141899893748.971526490844894974953870586065696947906932453710654295640962929067815435
600 1955058148989037794456236123032.25780258431340316689130461043366117481723078727116083174438225228885637238
620 15477202154715840136801132794961.575861252196781269668582237418511651697706910394893527826327559227762496565
640 122425138393709896679270027929244.07161965822062309784075434618042823521885264340797946612211963058178472573389
660 967645929800350575153177192735112.941934412986662125796991119410161385861871576795308197881771005114945519201535
680 7642762608984158687467478102484572.794792333978974259844815457286570752740881893547702825678180742826450708939750779
700 60324091677467093554653240928216803.8712554141284988790434826033110169216598363298241387396489620188315792091097432604
720 475833090562208174590246064836544379.270173005095262504889076614323596992499010073430810585717812896856504797751626273813
740 3751089302726246731001919685814590263.6423518490449061143913862093982293522095221371790395328587108927242176077017562213819
760 29553798094740070408050170368168055581.972771640328273717076962259204801043444777019469348033830357975117072680578667794453718
780 232720921469693379448008639130286636795.4829888748922013045405958756650850603865598446707870537075902396889421012137751558963819
800 1831622036633964665226198851133476409019.860923024442792374741416236319622094882211824934034424946476533632015831509342886528917155
820 14408732073097833131275438901933482467721.5238432364918621158689325126780552866010543090144827903833924080478730922369588818474672539
840 113296238417717225516883957417514960357129.361991819386706885975702209421505488126037567953719175233524281526198697896342305934576994549
860 890460455592958260474121638677818665931174.8964583264332206210986595408478973148361835404331409244800168420491304180940100750201004615538
880 6995715421523453008514450061946798654926286.5928262158367145138488733517095820151696320814832043913550964684005041254647370559363430655090133
900 54938436785400088591770645714169438405359308.30686835983127574932686405166412896996168927522308253917402263648922178052541479770246100250653255
920 431275598580158365158198943823686361588098683.0696115018598693317663666268125517601876614069965653550082566106666936587239615211131547553197947772
940 3384349069507074664300628669980154082134306770.58646023840056521957558618965501688780338197420239942761337784874290174678309474526857391937476358155
960 26548737608338065941491794744322787420070027463.7457919679758800901982638249227667669643845381347537649583157631200690220314839523204472860323777954219
980 208193620801239205041587640152607325334631279196.63013410838972884640570698683102169140880379589674880013280534297774748839770830369368691226168113689903
1000 1632118723757910763099806114326437039945631767807.8944338800357834932037721756947267201941876286830388871960211012903862783028904625005918767440176437361897
NVSieve_spherical
dimension	t parameter
100 4309.385168882362961773237018777694502156
120 13961.6126974730047016913237347535582355001
140 45639.01235421998338055315150665931829614156
160 150720.9657839093971606166519252745024932783335
180 502854.349553140331669316871902566168495573860392
200 1693919.7847713159734745775764628628499199962299007
220 5756948.567829834001008613236688118893077058466784714
240 19724153.0732082282773678347292039269065615675325973739
260 68075536.500856596346625546525847723487192342833151643833
280 236528700.5206238642905552717644473070112594686589177497492
300 826845402.974069772659299533959420034864201123457362411875807
320 2906642559.3378558950542760933074786822040524415041672162524471
340 10270522089.86863295397656211907210815192099699267332131924671797
360 36463418835.9668381026519627704046423568647077289858546573221189287
380 130027953507.15807313135418794764331395965197434324925719668573159594
400 465584092976.3956433284627008671477400797993235081426605722115998617991
420 1673492401494.16317847355320571376057353030875677009460761954427210659252
440 6036818850298.4636655895521110100030482353148153090188610460972969579041233
460 21850260284010.22116747969026205505899928559357667689372439402608113379944906
480 79338445688589.5825006519884426509229087298938617978099831857328865989090243124
500 288942835489103.16427012229701717841383972171333267028272161032732926484392011268
520 1055287822232237.143933594225897803605027355320730066548892989479234418019723282337
540 3864527666405299.77918721853682262068203051005921463367316793987982728862318379843079
560 14188274695643110.957828071077744454853297754492888614013915207058646163624985832219199
580 52217540519286488.44139986132855600329844432487785652969922548142264816879765530222889687
600 192622561051744298.398801345394686878390116068334590854399687097948469418874378422455805043
620 712124428996041307.40895380242776223372256334345713191936975758769565299207526417918040032819
640 2638275224172360247.671275117837465356769969330051521642762491171094865838699276842951008152589
660 9794005889900736612.94456081216687543147954797477024703687079929047976693633091897970923753758312
680 36428392051942439367.437344373259554748492512248711745219690283267262482565299617749314720639893349
700 135745317625049401829.2840057847117621501652006365707607762003695086502248091519481481396149368080072
720 506737489043482504900.007094094086971817429069082737907471771982571718590920145312451573821682459956619
740 1894893050044406681139.4224513873824987859795490391857497279095749406738387227599435464675425754988243631
760 7097442986404135583888.076278577691914394882870630915930805242460288077308170963028923445203697376736140636
780 26626153653074859582355.7133004203733549905746474013208730590209049599574102045759298535818622124365538985011
800 100041365503071271774064.09888892475350685419572138135203188626398843223971584208684767474434558809499512249149
820 376436938154541944298778.1075102270774897618507986267423719239929758164739615952813844404361372556622118884381443
840 1418483913812952177092131.21817214896933484609196397200030400547948519900019538871595685315052193993491699909915164
860 5352485513345715204107455.3634215854194510499071752470916490857530846935257554531422596173102157182394043464667853993
880 20223948939310786790849128.76438358640639422568633753845753047287185953588403825435135316975917146465306878145096933356
900 76513366432826310549454553.8698751585698840118389913462863488755245571353164184153260630393523540123529729355805808087152
920 289835805895964815989917835.77069812168504114412930973809295935644634481311209952570333216516707283642872157059400429182279
940 1099242527355234168888413484.486396522392776566184893839977266807317409793212210927941042602792909701488225131216521570297405
960 4173937919857912815334265010.35787370382814698606523853538800622554065645847749581470096961854704050604495404913294843114420342
980 15866985429282717001303051922.098380348356500396481999032245349712100567420754191892499730764024356475027311174233606232180262594
1000 60384372184664040753146233009.4306799800623594740002498051177213461035564567838611708823632518479225418871102498179158348151622941
NVSieve_filter
dimension	alpha parameter
100 1.0471975511965977461542144610931676280657
120 1.047197551196597746154214461093167628065723
140 1.0471975511965977461542144610931676280657231
160 1.04719755119659774615421446109316762806572313
180 1.0471975511965977461542144610931676280657231331
200 1.04719755119659774615421446109316762806572313312
220 1.047197551196597746154214461093167628065723133125
240 1.04719755119659774615421446109316762806572313312504
260 1.047197551196597746154214461093167628065723133125035
280 1.0471975511965977461542144610931676280657231331250353
300 1.047197551196597746154214461093167628065723133125035274
320 1.0471975511965977461542144610931676280657231331250352737
340 1.04719755119659774615421446109316762806572313312503527366
360 1.0471975511965977461542144610931676280657231331250352736583
380 1.04719755119659774615421446109316762806572313312503527365831
400 1.047197551196597746154214461093167628065723133125035273658315
420 1.0471975511965977461542144610931676280657231331250352736583148641026
440 1.04719755119659774615421446109316762806572313312503527365831486410261
460 1.047197551196597746154214461093167628065723133125035273658314864102605
480 1.04719755119659774615421446109316762806572313312503527365831486410260547
500 1.047197551196597746154214461093167628065723133125035273658314864102605469
520 1.0471975511965977461542144610931676280657231331250352736583148641026054688
540 1.047197551196597746154214461093167628065723133125035273658314864102605468762
560 1.0471975511965977461542144610931676280657231331250352736583148641026054687621
580 1.04719755119659774615421446109316762806572313312503527365831486410260546876207
600 1.0471975511965977461542144610931676280657231331250352736583148641026054687620697
620 1.04719755119659774615421446109316762806572313312503527365831486410260546876206967
640 1.047197551196597746154214461093167628065723133125035273658314864102605468762069666
660 1.04719755119659774615421446109316762806572313312503527365831486410260546876206966621
680 1.047197551196597746154214461093167628065723133125035273658314864102605468762069666209
700 1.0471975511965977461542144610931676280657231331250352736583148641026054687620696662093
720 1.047197551196597746154214461093167628065723133125035273658314864102605468762069666209345
740 1.0471975511965977461542144610931676280657231331250352736583148641026054687620696662093449
760 1.04719755119659774615421446109316762806572313312503527365831486410260546876206966620934494
780 1.0471975511965977461542144610931676280657231331250352736583148641026054687620696662093449418
800 1.04719755119659774615421446109316762806572313312503527365831486410260546876206966620934494178
820 1.047197551196597746154214461093167628065723133125035273658314864102605468762069666209344941781
840 1.04719755119659774615421446109316762806572313312503527365831486410260546876206966620934494178071
860 1.047197551196597746154214461093167628065723133125035273658314864102605468762069666209344941780706
880 1.0471975511965977461542144610931676280657231331250352736583148641026054687620696662093449417807057
900 1.047197551196597746154214461093167628065723133125035273658314864102605468762069666209344941780705689
920 1.0471975511965977461542144610931676280657231331250352736583148641026054687620696662093449417807056893
940 1.04719755119659774615421446109316762806572313312503527365831486410260546876206966620934494178070568933
960 1.0471975511965977461542144610931676280657231331250352736583148641026054687620696662093449417807056893274
980 1.04719755119659774615421446109316762806572313312503527365831486410260546876206966620934494178070568932738
1000 1.047197551196597746154214461093167628065723133125035273658314864102605468762069666209344941780705689327383
GaussSieve_angular
dimension	t parameter
100 40773571.5749441237135941689613363077
120 509200662.0658742941561709194763335279196
140 6284930068.411926395985306892946044972735971
160 77095848546.61709330645951465510531481346037753
180 942474918257.95933058546005996237421892255244897066
200 11497893493646.378557852935219856440849091984988834676
220 140085855432876.23482507363334053609911736451824704246359
240 1705203317064709.13634486103162641839739854347350278141499168
260 20742978812285765.5915236861137141277431827733923013492133357506
280 252201756107879975.020078761041139672688152157617497751594161117145
300 3065167297824079166.677016664916098076650145095789204965697824076198613
320 37241146702457422513.97904910313622070039364685409997964421301868463597556
340 452355315535667132804.830323444435888750136482568401207221488608620763068333
360 5493425303509840698461.5816199136862145328046794449373614684104143117199965629184
380 66700408869097250601619.433565145951961841661025166695231905437885425379533400823293
400 809743203397750269780845.77747361810550309225170194062463880308400480189172846186563262
420 9828996022965117848601395.95751309008740242458223807773141704353664487501608647559433020657
440 119294870337416863163654600.744546906110473567154106584824880298046038775110414188595870611618
460 1447743110584396499921349970.67025100921141407976601751026392886780012404654122083305384533537947
480 17568054285983810383989028316.39322979821919382630880694647393434776918340367932912947596648547208437
500 213168330444691903753997020350.261311470661276410474003266961745353582014041718357305869055523132888142828939071322408766
520 2586379920268302014252815606370.10201481514928464794830735213191183735024540944995710876756779122727964061492746159434303101
540 31378759702104281063926294568125.138767059526092215118770766970222919915260395957668086292272144151852240812907150023314427167089
560 380676256031736773032916902974570.816606511034328111281404905369401302916428605677596221927550271285899264481831289105856981871885555
580 4618008599633315510866931017470038.150065051832888809890400953883845585327571530670661098652615411395479390317669818170863522685801138142
600 56018912574079374721274195974169888.779145582536420807989714683004813797225817759080712411964252607596038871164661844041406132156060811493236
620 679512413147974253184280802672082289.579035252826252041323405379809528921810437156823635140862394767234039027556343737502766670206346744882145183
640 8242225132519955198570884728756972866.087056134811889240688813986923950884349282619414707677359915020770215916687923647236147438640890797245735726009
660 99971750116913164353268304382831815767.718459731906980933697177819989635615276805724131093185442283601519269906575678815362844790913554638716873019812031
680 1212542827743257150157135016603566795393.37614218621254441106539361865923860664585962264090989510905300326385449479574966580891739842362655294358057538975301
700 14706351363054721986236042670909001198398.84865154755019922296144988388896922489459048827426356547813681368794020988514890267385645631577448824076290888751769864
720 178361788086523391845188536565356504251993.28392891936838250660626013119745957880159260668643701870015566287829709912097119325814265601539061843724647455618207918027
740 2163159750016868767930980170407384681649029.02771607288440036729743371172106095556193046080812648126652016256166642910693097646571724999398328229081688227454987492379996
760 26234092382615821374058785319530329815182238.93734288788328043232303348118761439326770843753466434834304230482622325691658202912866668246216448918445944632003479148053649728
780 318152154031265025041115053834272211011467989.39487761981425347183049326754010628034544431404960792733644109799274644285726294380862224528027233057052954994526887296369670581628
800 3858297379703444150808383205883513454054818474.2206639923199642495793043405783250384536854532269729372432985962597356676621753248840717970203274220209786856444555052185365325381248
820 46789575484821015247514676490437425820674916762.4121037901936312795631053479414174979906795825644376150969034586904895420632398126037862789557298774211958903364480779152065250156515233
840 567408198492468769667103174785970439226233804987.83905547234136226594689074687976598442444559101482581178270005733362548280892137663205181761380298445118570595151975748704151152062032833768
860 6880748338913545754470396574803932828000707870606.15502060716548676347568415612475041489227392904416232306272823756895797554835966066731518816117912752883402294260913741465231507051723392625278
880 83439123976913072877100246368152471457942986143517.41248982658062743353344891520480337051915300260148573999424883512036025868992814638047940862710902159646944101317270391603256240730412312110137524
900 1011808174426799357380566012127241572613564412001376.3353371408588544121768521995747329366809739394865716280985274343178489880132306600422425126696316445251778765920201153235900624154751916647257787675
920 12269344931625351261412778697456139929749134444765509.7015640229255631731443453786321427250258125645300707981267844879587310488360739392004781249064058266351698166584252751414793973880692554544548330481406
940 148778316839320898030954274763094611421642172040237352.6533541023698829707712198854686437547463519550205563143736083865972805340549527698189965197038085785043878335592524293984046262277411161529784248838014149
960 1804069567332161411211226476909188339470736689213434494.9627333859013599998950219684094372370256105173677168847785865446513326440711615416865974106436947748714452486658111663244018204645905475020624211031776879542
980 21875730864029159774758796268528094966578318520342249589.4965041432497715192071822306640921088367547026425799173325574112997550105406745096298529275142870784597440227442634077907589991512828399275662255318967715345371
1000 265257559880333257406417669165013245231713033265692309351.4162698198412542574019450891478604486996250517448720279447137229537783938057339010361575249710348249706067527303846913803618720635318951912750475777992354350265692
GaussSieve_spherical
dimension	t parameter
100 5459.15126671433587317060510765416635
120 22430.23481887355691952125509088649007283
140 94860.35401392486516506879320333747649492773
160 411445.6978961923002671597224282770896321041944
180 1824274.537235992486798198844185483749510936533064
200 8244630.0437427605980103777727532281266887574172161956
220 37887431.630174831898622193800881852418738702038084212798
240 176674095.725681420983123935441756161577143894524209336106899
260 834568716.114980375601882945719249790554032797719709362672183864
280 3987886212.01464306502554872663694110043434844598195884359156337702
300 19252821175.31864553209006840401313334877293644684379096342255016869926
320 93816057703.12682389393988528172958170600642005670519447472019935101658348
340 461016797991.3974691544563424997127039894013499887361400350900897741222494535
360 2282926021030.318223738741267121994101917194740259284511505817071767550019916489
380 11384781731725.680204938816850308032975788100747293240198499015360064352634083392174
400 57144378344169.622519991595561721714474943908489749069189544193146304652974600139223895
420 288553422745013.155599619160000660571195227747773983976988169902528700618448042066320343824
440 1465196369143723.5902265553466644726462595167500725948770948663345620276641782998665220472617
460 7478532642997659.23462868285777368333416348561757389722013360495488344854911825764827127620833099
480 38356583833271096.36819560792646761528189554760286383653951328090585987856573681642136050031608286697
500 197621314690327251.044579804517277994534968417360094062114805375715463709351518353582778262962809959983452069031594791452
520 1022535952705436072.805804809039271870447189055060620538518601415076232210292393053023757938169978402824650904076757897255723
540 5312101913600166845.8070876527094675438116574126738449867081496201316670966881297034545952973659929361319684148996823444846363584
560 27701244524494504550.2279807155435428593527960946704677306133904987160462589738249727630949878037464434585067655344270978266547059611
580 144973307605947328603.1022365279981030379477043177322077532720856793780603016856679041338598157951419129409134278151202422027499420929864
600 761291906112791439181.40237018767474552033149658954803454376163443066886754514700015758541337361913954617645727397433196812416596313797858397
620 4010643832824498532305.38541448661762413904849061419671499585532131507594434629813255960476401337712742662585151770347246932708155007624450916946
640 21193762279376693373246.71301534149355750809371492860790416572990821528141756093666194857606410215572798895520300750926639362419326073146620752335178
660 112323297143876779807791.81786382444096203024367237671499854949125278740518667239850215863030957967042708227784657095477287057500605479654871626096113515
680 596954188871442064470012.646974908955255662422593599240568897925609714707430055391538201618459956016182395492999755668945498866843703220522190400608995347182
700 3181027421267328930895434.735572893545009083726796046665479554142170855722813718449259637352474899094648700846980601264517418823218703116528884246610240955230651
720 16994125754693615892076057.857712081730132658013514295758698621972800623309074935758528587049705104485710412225498459525641270694313180741908189252978431935776498019
740 91009874326920584339239406.502277544468605376253529853042572487567283720561816052558433662008743271607897051497676046631581403307841161399993839943880643776550481889007
760 488531887690148993684520523.5862598470671372458875787232858823539945629714798467749189429054227001142019438362858315061394896062916174236868441822956308483790709832058332461
780 2628278359959631209139706226.8640490009702068060865350454739709345341938046657611459580861518450306077598742742100253048363869256341936760572101046739528877100535899673230652077
800 14170520214137189359559112068.6666558745782967570631719611359162145157218798307212272825732898928053152828069472608726792618806783836731330278356379115787303365424023457979333339284
820 76559760421960389753866331817.83478155074417470827481378524484722759596835141535488264076907720822587636455473787923939589108567561283196575284961440046077310019759035960503280078362056
840 414459606001979654514701681977.96559528847720391471328073686449622805944669572630002397097383959853464090100040040803444971819403206052095858146275593441856638124452461756411092509472337433
860 2248015327954777821196623971729.70977815183683928658126786574980814072403602000745137219201876075015650307681483127910402082489860790350900026564783610680126742770791573486008422083695710082647
880 12215805963228879081464426218780.78283087822536181636950047081789118277405486325796714949227741555264626161129922248429137066923893095777254431166489034381774564575283715292909049775718687040993856
900 66500186579302791933641069294313.036150759591114375001220866347882652798490157587194588023532119305687459647839729390290309491059328322920122682252462416538890513920512694016863078968501348497328058257
920 362639516639368738471028728587624.724741135963368923064974647428690682203207750274663407051717835118357567600317356300339352732347030089341861003866594231370089957030372817222276215735853569355607898218235
940 1980861016291636705983506306012720.311590810842318161425088011013245302005683326761803681003466718014248512412723647131740170292434937735437332672070407046627367142608495908229959619318297694129715291151944076
960 10837670005076097043528470272158909.892115989633567855193152727662581021922054169435373612403135530947768532474646536672893141941706320562139577764678326195794663666591710960303837032180600453080241395317436899135
980 59387978875403056888641050275444033.2827303804509185862397277251281599938552536400225158585973189317273164558029085216078081604828127366338245369929267800167854567837643810680331961692178369660697010385783245396228232
1000 325927260122619769752925456471996006.5995324760563376360817330563969528173729982283738076487465664550049445305624959930881837208106514409956420447061040177931945933205494985487060211857567110006792972091740586299525365193
GaussSieve_filter
dimension	alpha parameter
100 1.047197551196597746154214461093167628065723133
120 1.04719755119659774615421446109316762806572313312
140 1.047197551196597746154214461093167628065723133125
160 1.047197551196597746154214461093167628065723133125
180 1.047197551196597746154214461093167628065723133125035
200 1.0471975511965977461542144610931676280657231331250353
220 1.04719755119659774615421446109316762806572313312503527
240 1.0471975511965977461542144610931676280657231331250352737
260 1.04719755119659774615421446109316762806572313312503527366
280 1.047197551196597746154214461093167628065723133125035273658
300 1.04719755119659774615421446109316762806572313312503527365831
320 1.047197551196597746154214461093167628065723133125035273658315
340 1.0471975511965977461542144610931676280657231331250352736583149
360 1.047197551196597746154214461093167628065723133125035273658314864
380 1.0471975511965977461542144610931676280657231331250352736583148641
400 1.0471975511965977461542144610931676280657231331250352736583148641
420 1.0471975511965977461542144610931676280657231331250352736583148641026
440 1.04719755119659774615421446109316762806572313312503527365831486410261
460 1.047197551196597746154214461093167628065723133125035273658314864102605
480 1.04719755119659774615421446109316762806572313312503527365831486410260547
500 1.047197551196597746154214461093167628065723133125035273658314864102605468762
520 1.04719755119659774615421446109316762806572313312503527365831486410260546876207
540 1.0471975511965977461542144610931676280657231331250352736583148641026054687620697
560 1.04719755119659774615421446109316762806572313312503527365831486410260546876206967
580 1.0471975511965977461542144610931676280657231331250352736583148641026054687620696662
600 1.047197551196597746154214461093167628065723133125035273658314864102605468762069666209
620 1.0471975511965977461542144610931676280657231331250352736583148641026054687620696662093
640 1.047197551196597746154214461093167628065723133125035273658314864102605468762069666209345
660 1.04719755119659774615421446109316762806572313312503527365831486410260546876206966620934494
680 1.047197551196597746154214461093167628065723133125035273658314864102605468762069666209344942
700 1.04719755119659774615421446109316762806572313312503527365831486410260546876206966620934494178
720 1.0471975511965977461542144610931676280657231331250352736583148641026054687620696662093449417807
740 1.04719755119659774615421446109316762806572313312503527365831486410260546876206966620934494178071
760 1.0471975511965977461542144610931676280657231331250352736583148641026054687620696662093449417807057
780 1.047197551196597746154214461093167628065723133125035273658314864102605468762069666209344941780705689
800 1.0471975511965977461542144610931676280657231331250352736583148641026054687620696662093449417807056893
820 1.047197551196597746154214461093167628065723133125035273658314864102605468762069666209344941780705689327
840 1.04719755119659774615421446109316762806572313312503527365831486410260546876206966620934494178070568932738
860 1.047197551196597746154214461093167628065723133125035273658314864102605468762069666209344941780705689327383
880 1.0471975511965977461542144610931676280657231331250352736583148641026054687620696662093449417807056893273827
900 1.0471975511965977461542144610931676280657231331250352736583148641026054687620696662093449417807056893273826955
920 1.0471975511965977461542144610931676280657231331250352736583148641026054687620696662093449417807056893273826955
940 1.0471975511965977461542144610931676280657231331250352736583148641026054687620696662093449417807056893273826955044
960 1.047197551196597746154214461093167628065723133125035273658314864102605468762069666209344941780705689327382695504427
980 1.0471975511965977461542144610931676280657231331250352736583148641026054687620696662093449417807056893273826955044274
1000 1.047197551196597746154214461093167628065723133125035273658314864102605468762069666209344941780705689327382695504427436
