physical_qubits_baseline
40 35779132.0
41 37121852.0
42 39018044.0
43 40805948.0
44 43063100.0
45 45223996.0
46 47505212.0
47 50388676.0
48 53415876.0
49 56731196.0
50 59999684.0
51 64458044.0
52 68664380.0
53 73339964.0
54 79796284.0
55 86108868.0
56 93022404.0
57 100994756.0
58 111023932.0
59 121559100.0
60 132696516.0
61 147081276.0
62 163031492.0
63 181194948.0
64 202293564.0
65 227207620.0
66 253564868.0
67 286202820.0
68 322823364.0
69 365808188.0
70 413871164.0
71 468082492.0
physical_qubits_active
40 17917400.0
41 18395000.0
42 18909400.0
43 19416600.0
44 19955000.0
45 20487000.0
46 21027000.0
47 21607400.0
48 22197000.0
49 22805400.0
50 23411400.0
51 24095800.0
52 24763800.0
53 25463000.0
54 26280600.0
55 27089000.0
56 27937000.0
57 28855400.0
58 29910200.0
59 30999000.0
60 32128200.0
61 33472600.0
62 34921800.0
63 36517800.0
64 38308600.0
65 40353800.0
66 42494600.0
67 45053000.0
68 47876200.0
69 51122200.0
70 54706200.0
71 58699000.0
time_baseline
40 0.0005512097
41 0.0006883324
42 0.0008756456
43 0.0011098571
44 0.0013848088
45 0.0017650860
46 0.0022232809
47 0.0029036817
48 0.0037741262
49 0.0047129501
50 0.0061297400
51 0.0084943345
52 0.0115066153
53 0.0154080153
54 0.0199573158
55 0.0261288235
56 0.0339472224
57 0.0437294509
58 0.0556453026
59 0.0711072922
60 0.0927548522
61 0.1204315138
62 0.1564046767
63 0.2030031207
64 0.2641652331
65 0.3663903618
66 0.4726981329
67 0.6108749129
68 0.7957098969
69 1.0279931031
70 1.3062864745
71 1.6761887477
time_active
40 0.0000064962
41 0.0000080658
42 0.0000102152
43 0.0000129009
44 0.0000160441
45 0.0000203893
46 0.0000256291
47 0.0000334071
48 0.0000433370
49 0.0000538894
50 0.0000687105
51 0.0000887699
52 0.0001137291
53 0.0001487732
54 0.0001910145
55 0.0002487607
56 0.0003223476
57 0.0004144604
58 0.0005270640
59 0.0006741757
60 0.0008808262
61 0.0011462105
62 0.0014905743
63 0.0019400614
64 0.0025336374
65 0.0032479598
66 0.0042087466
67 0.0054559183
68 0.0071412196
69 0.0092741734
70 0.0118489488
71 0.0152511543
reaction_limit
40 0.0003062577
41 0.0003824384
42 0.0004865029
43 0.0006166225
44 0.0007693763
45 0.0009806132
46 0.0012351598
47 0.0016131617
48 0.0020967434
49 0.0026101187
50 0.0033304147
51 0.0043043147
52 0.0055157422
53 0.0072213806
54 0.0092677412
55 0.0120585550
56 0.0156069123
57 0.0200514852
58 0.0254731703
59 0.0325160163
60 0.0423781824
61 0.0549895810
62 0.0713845051
63 0.0926222913
64 0.1205019565
65 0.1670929060
66 0.2155495595
67 0.2785360862
68 0.3627899940
69 0.4686684778
70 0.5955252473
71 0.7641365856
